# MJD mag magerr filter distance ra dec
55249.30684  7.917  0.040 W1  0.2344  69.896584  25.695718
55249.30684  5.630  0.088 W2  0.2344  69.896584  25.695718
55249.30684  2.287  0.097 W1mW2  0.2344  69.896584  25.695718
55253.51383  7.950  0.054 W1  0.2919  69.896626  25.695688
55253.51383  5.704  0.114 W2  0.2919  69.896626  25.695688
55253.51383  2.246  0.126 W1mW2  0.2919  69.896626  25.695688
55254.07068  7.990  0.041 W1  0.1121  69.896646  25.695729
55254.07068  5.835  0.078 W2  0.1121  69.896646  25.695729
55254.07068  2.155  0.088 W1mW2  0.1121  69.896646  25.695729
56715.60066  8.082  0.074 W1  0.6765  69.896698  25.695590
56715.60066  5.757  0.165 W2  0.6765  69.896698  25.695590
56715.60066  2.325  0.181 W1mW2  0.6765  69.896698  25.695590
56716.18023  8.050  0.074 W1  0.7480  69.896771  25.695595
56716.18023  5.694  0.149 W2  0.7480  69.896771  25.695595
56716.18023  2.357  0.167 W1mW2  0.7480  69.896771  25.695595
56906.66760  7.859  0.056 W1  0.4049  69.896619  25.695678
56906.66760  5.549  0.168 W2  0.4049  69.896619  25.695678
56906.66760  2.310  0.177 W1mW2  0.4049  69.896619  25.695678
56907.17916  7.935  0.066 W1  0.4965  69.896586  25.695640
56907.17916  5.698  0.145 W2  0.4965  69.896586  25.695640
56907.17916  2.238  0.159 W1mW2  0.4965  69.896586  25.695640
57074.66536  7.836  0.062 W1  0.6498  69.896717  25.695612
57074.66536  5.639  0.185 W2  0.6498  69.896717  25.695612
57074.66536  2.197  0.195 W1mW2  0.6498  69.896717  25.695612
57075.15431  7.864  0.064 W1  0.5748  69.896676  25.695614
57075.15431  5.549  0.147 W2  0.5748  69.896676  25.695614
57075.15431  2.315  0.160 W1mW2  0.5748  69.896676  25.695614
57079.48903  7.920  0.039 W1  0.3272  69.896733  25.695725
57079.48903  5.641  0.138 W2  0.3272  69.896733  25.695725
57079.48903  2.279  0.143 W1mW2  0.3272  69.896733  25.695725
57268.55307  7.966  0.093 W1  0.4973  69.896609  25.695656
57268.55307  5.812  0.243 W2  0.4973  69.896609  25.695656
57268.55307  2.154  0.260 W1mW2  0.4973  69.896609  25.695656
57269.04872  7.946  0.037 W1  0.3666  69.896731  25.695700
57269.04872  5.739  0.138 W2  0.3666  69.896731  25.695700
57269.04872  2.207  0.143 W1mW2  0.3666  69.896731  25.695700
57271.54730  8.044  0.047 W1  0.4224  69.896565  25.695678
57271.54730  5.799  0.168 W2  0.4224  69.896565  25.695678
57271.54730  2.245  0.175 W1mW2  0.4224  69.896565  25.695678
57272.06613  8.027  0.035 W1  0.7015  69.896466  25.695645
57272.06613  5.791  0.133 W2  0.7015  69.896466  25.695645
57272.06613  2.236  0.138 W1mW2  0.7015  69.896466  25.695645
57433.67859  8.097  0.058 W1  0.6252  69.896726  25.695611
57433.67859  5.819  0.193 W2  0.6252  69.896726  25.695611
57433.67859  2.278  0.202 W1mW2  0.6252  69.896726  25.695611
57434.03912  8.050  0.037 W1  0.7017  69.896696  25.695577
57434.03912  5.588  0.214 W2  0.7017  69.896696  25.695577
57434.03912  2.463  0.217 W1mW2  0.7017  69.896696  25.695577
57436.66110  8.184  0.057 W1  0.6345  69.896692  25.695599
57436.66110  5.963  0.148 W2  0.6345  69.896692  25.695599
57436.66110  2.221  0.159 W1mW2  0.6345  69.896692  25.695599
57437.15273  8.277  0.048 W1  0.5640  69.896605  25.695608
57437.15273  6.082  0.113 W2  0.5640  69.896605  25.695608
57437.15273  2.195  0.123 W1mW2  0.5640  69.896605  25.695608
57635.65476  8.230  0.058 W1  0.3762  69.896632  25.695682
57635.65476  6.003  0.142 W2  0.3762  69.896632  25.695682
57635.65476  2.227  0.154 W1mW2  0.3762  69.896632  25.695682
57636.17883  8.282  0.037 W1  0.3472  69.896594  25.695673
57636.17883  6.108  0.148 W2  0.3472  69.896594  25.695673
57636.17883  2.174  0.153 W1mW2  0.3472  69.896594  25.695673
57800.73924  8.094  0.071 W1  0.7018  69.896732  25.695586
57800.73924  5.845  0.155 W2  0.7018  69.896732  25.695586
57800.73924  2.250  0.170 W1mW2  0.7018  69.896732  25.695586
57801.18894  8.050  0.043 W1  0.6673  69.896669  25.695587
57801.18894  5.783  0.156 W2  0.6673  69.896669  25.695587
57801.18894  2.266  0.161 W1mW2  0.6673  69.896669  25.695587
57999.75371  8.065  0.040 W1  0.5205  69.896641  25.695648
57999.75371  5.824  0.212 W2  0.5205  69.896641  25.695648
57999.75371  2.241  0.215 W1mW2  0.5205  69.896641  25.695648
58000.27475  8.033  0.069 W1  0.3045  69.896615  25.695692
58000.23330  5.778  0.166 W2  0.2977  69.896608  25.695698
58000.27475  2.255  0.180 W1mW2  0.3045  69.896615  25.695692
58157.77675  7.957  0.052 W1  0.7174  69.896778  25.695608
58157.77675  5.826  0.297 W2  0.7174  69.896778  25.695608
58157.77675  2.132  0.301 W1mW2  0.7174  69.896778  25.695608
58158.24583  7.888  0.046 W1  0.7944  69.896683  25.695551
58158.24583  5.578  0.160 W2  0.7944  69.896683  25.695551
58158.24583  2.310  0.166 W1mW2  0.7944  69.896683  25.695551
58363.79366  8.003  0.053 W1  0.4174  69.896553  25.695710
58363.79366  5.798  0.211 W2  0.4174  69.896553  25.695710
58363.79366  2.206  0.217 W1mW2  0.4174  69.896553  25.695710
58366.73881  7.997  0.094 W1  0.4308  69.896624  25.695673
58366.73881  5.755  0.197 W2  0.4308  69.896624  25.695673
58366.73881  2.242  0.218 W1mW2  0.4308  69.896624  25.695673
58367.22484  7.929  0.045 W1  0.4718  69.896605  25.695657
58367.22484  5.704  0.208 W2  0.4718  69.896605  25.695657
58367.22484  2.225  0.213 W1mW2  0.4718  69.896605  25.695657
58521.91827  8.062  0.047 W1  1.0110  69.896822  25.695532
58521.91827  5.809  0.346 W2  1.0110  69.896822  25.695532
58521.91827  2.253  0.349 W1mW2  1.0110  69.896822  25.695532
58522.39080  8.055  0.052 W1  0.6838  69.896676  25.695579
58522.39080  5.757  0.165 W2  0.6838  69.896676  25.695579
58522.39080  2.298  0.173 W1mW2  0.6838  69.896676  25.695579
58528.65681  7.746  0.044 W1  0.8180  69.896476  25.695587
58528.65681  5.117  0.179 W2  0.8180  69.896476  25.695587
58528.65681  2.629  0.184 W1mW2  0.8180  69.896476  25.695587
58730.69639  7.869  0.056 W1  0.4888  69.896627  25.695658
58730.69639  5.472  0.168 W2  0.4888  69.896627  25.695658
58730.69639  2.396  0.177 W1mW2  0.4888  69.896627  25.695658
58731.24778  7.767  0.067 W1  0.6000  69.896610  25.695634
58731.24778  5.484  0.209 W2  0.6000  69.896610  25.695634
58731.24778  2.283  0.220 W1mW2  0.6000  69.896610  25.695634
58888.89827  7.912  0.058 W1  0.6890  69.896715  25.695581
58888.89833  5.791  0.133 W2  0.9555  69.896742  25.695511
58889.42152  7.986  0.051 W1  0.7763  69.896727  25.695567
58889.42152  5.638  0.165 W2  0.7763  69.896727  25.695567
58889.42152  2.349  0.173 W1mW2  0.7763  69.896727  25.695567
59094.92670  7.857  0.046 W1  0.5402  69.896607  25.695614
59094.92670  5.534  0.148 W2  0.5402  69.896607  25.695614
59094.92670  2.324  0.155 W1mW2  0.5402  69.896607  25.695614
59095.45802  7.840  0.045 W1  0.6590  69.896594  25.695604
59095.45802  5.564  0.243 W2  0.6590  69.896594  25.695604
59095.45802  2.277  0.248 W1mW2  0.6590  69.896594  25.695604
59102.38214  7.810  0.041 W1  1.0015  69.896571  25.695489
59102.38214  5.582  0.141 W2  1.0015  69.896571  25.695489
59102.38214  2.228  0.147 W1mW2  1.0015  69.896571  25.695489
