# MJD mag magerr filter flag distance ra dec
57089.46634  8.689  0.102 W1  5  0.2548  85.425759  -1.919551
58743.19557  9.779  0.290 W1 10  1.0834  85.425629  -1.919790
57088.94094  8.613  0.042 W1 10  1.5470  85.425881  -1.919894
57089.46634  7.655  0.183 W2  5  0.2548  85.425759  -1.919551
58743.19557  7.834  0.272 W2 10  1.0834  85.425629  -1.919790
57088.94094  7.962  0.051 W2 10  1.5470  85.425881  -1.919894
57089.46634  1.034  0.209 W1mW2  5  0.2548  85.425759  -1.919551
58743.19557  1.945  0.397 W1mW2 10  1.0834  85.425629  -1.919790
57088.94094  0.651  0.066 W1mW2 10  1.5470  85.425881  -1.919894
