# MJD mag magerr filter distance ra dec
55247.91759 12.001  0.026 W1  0.2582  66.087100  26.514139
55247.91759 11.427  0.034 W2  0.2582  66.087100  26.514139
55247.91759  0.574  0.043 W1mW2  0.2582  66.087100  26.514139
55248.47344 11.980  0.047 W1  0.2026  66.087100  26.514118
55248.47344 11.402  0.109 W2  0.2026  66.087100  26.514118
55248.47344  0.578  0.119 W1mW2  0.2026  66.087100  26.514118
55250.54952 11.972  0.092 W1  0.2559  66.087099  26.514136
55250.54952 11.454  0.068 W2  0.2559  66.087099  26.514136
55250.54952  0.518  0.114 W1mW2  0.2559  66.087099  26.514136
55251.09359 12.011  0.035 W1  0.1949  66.087090  26.514108
55251.09359 11.474  0.060 W2  0.1949  66.087090  26.514108
55251.09359  0.536  0.069 W1mW2  0.1949  66.087090  26.514108
56712.70623 11.915  0.026 W1  0.0986  66.087124  26.514052
56712.70623 11.343  0.049 W2  0.0986  66.087124  26.514052
56712.70623  0.572  0.055 W1mW2  0.0986  66.087124  26.514052
56713.15080 11.945  0.036 W1  0.1081  66.087136  26.514050
56713.15080 11.351  0.028 W2  0.1081  66.087136  26.514050
56713.15080  0.594  0.046 W1mW2  0.1081  66.087136  26.514050
56903.62711 11.913  0.061 W1  0.1129  66.087134  26.514065
56903.62711 11.310  0.037 W2  0.1129  66.087134  26.514065
56903.62711  0.603  0.071 W1mW2  0.1129  66.087134  26.514065
56904.15335 11.870  0.025 W1  0.0717  66.087133  26.514057
56904.15335 11.312  0.035 W2  0.0717  66.087133  26.514057
56904.15335  0.559  0.042 W1mW2  0.0717  66.087133  26.514057
57071.73911 11.931  0.025 W1  0.1209  66.087118  26.514039
57071.73911 11.380  0.040 W2  0.1209  66.087118  26.514039
57071.73911  0.550  0.047 W1mW2  0.1209  66.087118  26.514039
57072.14961 11.929  0.023 W1  0.1235  66.087122  26.514036
57072.14961 11.338  0.026 W2  0.1235  66.087122  26.514036
57072.14961  0.590  0.035 W1mW2  0.1235  66.087122  26.514036
57265.46450 11.889  0.048 W1  0.1071  66.087134  26.514056
57265.46450 11.327  0.038 W2  0.1071  66.087134  26.514056
57265.46450  0.562  0.062 W1mW2  0.1071  66.087134  26.514056
57266.03107 11.877  0.025 W1  0.1201  66.087152  26.514052
57266.03107 11.280  0.027 W2  0.1201  66.087152  26.514052
57266.03107  0.597  0.037 W1mW2  0.1201  66.087152  26.514052
57270.55717 11.890  0.023 W1  0.0174  66.087125  26.514072
57270.55717 11.357  0.045 W2  0.0174  66.087125  26.514072
57270.55717  0.533  0.051 W1mW2  0.0174  66.087125  26.514072
57430.76183 11.981  0.029 W1  0.1298  66.087130  26.514039
57430.76183 11.356  0.061 W2  0.1298  66.087130  26.514039
57430.76183  0.625  0.068 W1mW2  0.1298  66.087130  26.514039
57431.22725 11.961  0.038 W1  0.1793  66.087134  26.514030
57431.22725 11.344  0.071 W2  0.1793  66.087134  26.514030
57431.22725  0.617  0.081 W1mW2  0.1793  66.087134  26.514030
57434.59655 11.932  0.025 W1  0.0992  66.087113  26.514043
57434.59655 11.329  0.043 W2  0.0992  66.087113  26.514043
57434.59655  0.603  0.050 W1mW2  0.0992  66.087113  26.514043
57632.59338 11.890  0.030 W1  0.1464  66.087137  26.514039
57632.59338 11.330  0.045 W2  0.1464  66.087137  26.514039
57632.59338  0.561  0.054 W1mW2  0.1464  66.087137  26.514039
57633.16512 11.913  0.038 W1  0.0883  66.087129  26.514061
57633.16512 11.343  0.059 W2  0.0883  66.087129  26.514061
57633.16512  0.570  0.071 W1mW2  0.0883  66.087129  26.514061
57797.72692 11.893  0.032 W1  0.1442  66.087140  26.514039
57797.72692 11.297  0.048 W2  0.1442  66.087140  26.514039
57797.72692  0.595  0.058 W1mW2  0.1442  66.087140  26.514039
57798.17039 11.881  0.027 W1  0.1888  66.087125  26.514021
57798.17039 11.304  0.035 W2  0.1888  66.087125  26.514021
57798.17039  0.576  0.044 W1mW2  0.1888  66.087125  26.514021
57996.69397 11.877  0.035 W1  0.1718  66.087145  26.514030
57996.69397 11.329  0.034 W2  0.1718  66.087145  26.514030
57996.69397  0.548  0.049 W1mW2  0.1718  66.087145  26.514030
57997.12982 11.924  0.040 W1  0.1840  66.087145  26.514030
57997.12982 11.326  0.049 W2  0.1840  66.087145  26.514030
57997.12982  0.598  0.064 W1mW2  0.1840  66.087145  26.514030
58154.80951 11.975  0.029 W1  0.1492  66.087127  26.514029
58154.80951 11.368  0.040 W2  0.1492  66.087127  26.514029
58154.80951  0.607  0.050 W1mW2  0.1492  66.087127  26.514029
58155.23027 11.957  0.026 W1  0.2054  66.087134  26.514016
58155.23027 11.374  0.042 W2  0.2054  66.087134  26.514016
58155.23027  0.583  0.049 W1mW2  0.2054  66.087134  26.514016
58360.77022 11.892  0.034 W1  0.2335  66.087157  26.514022
58360.77022 11.332  0.057 W2  0.2335  66.087157  26.514022
58360.77022  0.560  0.066 W1mW2  0.2335  66.087157  26.514022
58361.30680 11.878  0.028 W1  0.1935  66.087150  26.514026
58361.30680 11.328  0.052 W2  0.1935  66.087150  26.514026
58361.30680  0.550  0.059 W1mW2  0.1935  66.087150  26.514026
58364.44828 11.743  0.086 W1  0.2264  66.087149  26.514020
58364.44828 11.224  0.101 W2  0.2264  66.087149  26.514020
58364.44828  0.519  0.133 W1mW2  0.2264  66.087149  26.514020
58518.90882 11.898  0.021 W1  0.1596  66.087140  26.514029
58518.90882 11.325  0.027 W2  0.1596  66.087140  26.514029
58518.90882  0.573  0.034 W1mW2  0.1596  66.087140  26.514029
58519.42558 11.893  0.032 W1  0.2280  66.087135  26.514010
58519.42558 11.329  0.037 W2  0.2280  66.087135  26.514010
58519.42558  0.565  0.048 W1mW2  0.2280  66.087135  26.514010
58727.73936 11.931  0.025 W1  0.1966  66.087143  26.514024
58727.73936 11.359  0.034 W2  0.1966  66.087143  26.514024
58727.73936  0.572  0.042 W1mW2  0.1966  66.087143  26.514024
58728.25931 11.959  0.036 W1  0.2191  66.087146  26.514015
58728.25931 11.365  0.034 W2  0.2191  66.087146  26.514015
58728.25931  0.594  0.049 W1mW2  0.2191  66.087146  26.514015
58886.37383 11.923  0.045 W1  0.2633  66.087133  26.514002
58886.37383 11.347  0.054 W2  0.2633  66.087133  26.514002
58886.37383  0.576  0.070 W1mW2  0.2633  66.087133  26.514002
59091.91835 11.787  0.020 W1  0.2588  66.087142  26.514001
59091.91835 11.278  0.030 W2  0.2588  66.087142  26.514001
59091.91835  0.509  0.036 W1mW2  0.2588  66.087142  26.514001
59092.41970 11.857  0.082 W1  0.2320  66.087161  26.514020
59092.41970 11.290  0.066 W2  0.2320  66.087161  26.514020
59092.41970  0.567  0.106 W1mW2  0.2320  66.087161  26.514020
