# MJD mag magerr filter distance ra dec
55247.91771  9.606  0.020 W1  0.2375  66.096717  26.835626
55247.91771  9.438  0.020 W2  0.2375  66.096717  26.835626
55247.91771  0.168  0.028 W1mW2  0.2375  66.096717  26.835626
55248.47349  9.566  0.036 W1  0.1725  66.096735  26.835609
55248.47349  9.402  0.084 W2  0.1725  66.096735  26.835609
55248.47349  0.164  0.092 W1mW2  0.1725  66.096735  26.835609
55250.63992  9.474  0.023 W1  0.1840  66.096729  26.835615
55250.63992  9.335  0.024 W2  0.1840  66.096729  26.835615
55250.63992  0.139  0.033 W1mW2  0.1840  66.096729  26.835615
55251.09359  9.489  0.017 W1  0.2226  66.096738  26.835632
55251.09359  9.346  0.043 W2  0.2226  66.096738  26.835632
55251.09359  0.143  0.046 W1mW2  0.2226  66.096738  26.835632
56712.69924  9.550  0.019 W1  0.1276  66.096750  26.835565
56712.69924  9.393  0.027 W2  0.1276  66.096750  26.835565
56712.69924  0.157  0.033 W1mW2  0.1276  66.096750  26.835565
56713.21672  9.521  0.016 W1  0.1080  66.096755  26.835557
56713.21672  9.345  0.026 W2  0.1080  66.096755  26.835557
56713.21672  0.176  0.030 W1mW2  0.1080  66.096755  26.835557
56903.69281  9.555  0.027 W1  0.0972  66.096755  26.835566
56903.69281  9.380  0.019 W2  0.0972  66.096755  26.835566
56903.69281  0.174  0.033 W1mW2  0.0972  66.096755  26.835566
56904.08746  9.533  0.018 W1  0.0976  66.096762  26.835555
56904.08746  9.357  0.014 W2  0.0976  66.096762  26.835555
56904.08746  0.175  0.023 W1mW2  0.0976  66.096762  26.835555
57071.72602  9.574  0.019 W1  0.1118  66.096772  26.835559
57071.72602  9.405  0.041 W2  0.1118  66.096772  26.835559
57071.72602  0.169  0.045 W1mW2  0.1118  66.096772  26.835559
57072.21206  9.577  0.015 W1  0.1192  66.096763  26.835551
57072.21206  9.390  0.022 W2  0.1192  66.096763  26.835551
57072.21206  0.187  0.027 W1mW2  0.1192  66.096763  26.835551
57079.29235  9.623  0.027 W1  0.2231  66.096738  26.835548
57079.29235  9.409  0.017 W2  0.2231  66.096738  26.835548
57079.29235  0.215  0.032 W1mW2  0.2231  66.096738  26.835548
57265.55720  9.499  0.019 W1  0.0964  66.096772  26.835561
57265.55720  9.346  0.019 W2  0.0964  66.096772  26.835561
57265.55720  0.153  0.026 W1mW2  0.0964  66.096772  26.835561
57266.09652  9.512  0.018 W1  0.1246  66.096750  26.835552
57266.09652  9.359  0.017 W2  0.1246  66.096750  26.835552
57266.09652  0.153  0.024 W1mW2  0.1246  66.096750  26.835552
57270.55704  9.593  0.017 W1  0.1024  66.096745  26.835562
57270.55704  9.388  0.016 W2  0.1024  66.096745  26.835562
57270.55704  0.205  0.023 W1mW2  0.1024  66.096745  26.835562
57430.79467  9.561  0.022 W1  0.1210  66.096780  26.835551
57430.79467  9.382  0.019 W2  0.1210  66.096780  26.835551
57430.79467  0.179  0.029 W1mW2  0.1210  66.096780  26.835551
57431.22730  9.558  0.021 W1  0.1348  66.096764  26.835548
57431.22730  9.378  0.022 W2  0.1348  66.096764  26.835548
57431.22730  0.180  0.030 W1mW2  0.1348  66.096764  26.835548
57434.59655  9.513  0.018 W1  0.1779  66.096792  26.835535
57434.59655  9.400  0.016 W2  0.1779  66.096792  26.835535
57434.59655  0.113  0.024 W1mW2  0.1779  66.096792  26.835535
57632.62786  9.525  0.023 W1  0.1190  66.096773  26.835552
57632.62786  9.361  0.023 W2  0.1190  66.096773  26.835552
57632.62786  0.164  0.033 W1mW2  0.1190  66.096773  26.835552
57633.16499  9.502  0.018 W1  0.1626  66.096766  26.835535
57633.16499  9.348  0.016 W2  0.1626  66.096766  26.835535
57633.16499  0.153  0.024 W1mW2  0.1626  66.096766  26.835535
57797.78920  9.548  0.022 W1  0.1335  66.096782  26.835545
57797.78920  9.382  0.018 W2  0.1335  66.096782  26.835545
57797.78920  0.166  0.029 W1mW2  0.1335  66.096782  26.835545
57798.26402  9.554  0.021 W1  0.1622  66.096768  26.835539
57798.26402  9.386  0.023 W2  0.1622  66.096768  26.835539
57798.26402  0.167  0.032 W1mW2  0.1622  66.096768  26.835539
57996.75005  9.556  0.018 W1  0.1185  66.096770  26.835549
57996.75005  9.395  0.020 W2  0.1185  66.096770  26.835549
57996.75005  0.160  0.026 W1mW2  0.1185  66.096770  26.835549
57997.15921  9.567  0.023 W1  0.1303  66.096773  26.835546
57997.15921  9.386  0.020 W2  0.1303  66.096773  26.835546
57997.15921  0.181  0.031 W1mW2  0.1303  66.096773  26.835546
58154.80951  9.525  0.019 W1  0.1229  66.096773  26.835552
58154.80951  9.375  0.015 W2  0.1229  66.096773  26.835552
58154.80951  0.150  0.024 W1mW2  0.1229  66.096773  26.835552
58155.32378  9.503  0.023 W1  0.1443  66.096774  26.835542
58155.32378  9.367  0.022 W2  0.1443  66.096774  26.835542
58155.32378  0.137  0.032 W1mW2  0.1443  66.096774  26.835542
58360.78325  9.468  0.017 W1  0.1542  66.096766  26.835539
58360.78325  9.334  0.027 W2  0.1542  66.096766  26.835539
58360.78325  0.134  0.032 W1mW2  0.1542  66.096766  26.835539
58361.30675  9.488  0.018 W1  0.1622  66.096773  26.835538
58361.30675  9.353  0.025 W2  0.1622  66.096773  26.835538
58361.30675  0.135  0.031 W1mW2  0.1622  66.096773  26.835538
58364.51367  9.582  0.018 W1  0.1773  66.096773  26.835532
58364.51367  9.409  0.020 W2  0.1773  66.096773  26.835532
58364.51367  0.173  0.027 W1mW2  0.1773  66.096773  26.835532
58519.47980  9.591  0.019 W1  0.1569  66.096780  26.835539
58519.47980  9.406  0.042 W2  0.1569  66.096780  26.835539
58519.47980  0.186  0.046 W1mW2  0.1569  66.096780  26.835539
58727.81782  9.467  0.019 W1  0.1735  66.096772  26.835538
58727.81782  9.340  0.019 W2  0.1735  66.096772  26.835538
58727.81782  0.127  0.027 W1mW2  0.1735  66.096772  26.835538
58728.25698  9.470  0.020 W1  0.1648  66.096779  26.835536
58728.25698  9.334  0.021 W2  0.1648  66.096779  26.835536
58728.25698  0.136  0.029 W1mW2  0.1648  66.096779  26.835536
58886.47260  9.572  0.023 W1  0.2186  66.096789  26.835524
58886.47260  9.406  0.026 W2  0.2186  66.096789  26.835524
58886.47260  0.166  0.035 W1mW2  0.2186  66.096789  26.835524
58887.00176  9.585  0.015 W1  0.2075  66.096783  26.835524
58887.00176  9.407  0.015 W2  0.2075  66.096783  26.835524
58887.00176  0.178  0.021 W1mW2  0.2075  66.096783  26.835524
59091.91829  9.569  0.017 W1  0.1750  66.096783  26.835534
59091.91829  9.409  0.016 W2  0.1750  66.096783  26.835534
59091.91829  0.161  0.023 W1mW2  0.1750  66.096783  26.835534
59092.44145  9.577  0.025 W1  0.1931  66.096782  26.835529
59092.44145  9.416  0.022 W2  0.1931  66.096782  26.835529
59092.44145  0.161  0.034 W1mW2  0.1931  66.096782  26.835529
