# MJD mag magerr filter distance ra dec
55263.59785 12.853  0.067 W1  0.1333  83.722824  -5.667800
55263.59785 12.360  0.112 W2  0.1333  83.722824  -5.667800
55263.59785  0.493  0.130 W1mW2  0.1333  83.722824  -5.667800
55264.12158 12.816  0.047 W1  0.1700  83.722829  -5.667783
55264.12158 12.357  0.063 W2  0.1700  83.722829  -5.667783
55264.12158  0.459  0.079 W1mW2  0.1700  83.722829  -5.667783
56724.53798 12.885  0.042 W1  0.2735  83.722827  -5.667754
56724.53798 12.641  0.068 W2  0.2735  83.722827  -5.667754
56724.53798  0.244  0.080 W1mW2  0.2735  83.722827  -5.667754
56728.44099 12.972  0.127 W1  0.1782  83.722821  -5.667795
56728.44099 12.521  0.119 W2  0.1782  83.722821  -5.667795
56728.44099  0.451  0.174 W1mW2  0.1782  83.722821  -5.667795
56729.01569 12.903  0.042 W1  0.0810  83.722833  -5.667808
56729.01569 12.454  0.055 W2  0.0810  83.722833  -5.667808
56729.01569  0.449  0.069 W1mW2  0.0810  83.722833  -5.667808
56915.73576 12.792  0.038 W1  0.0820  83.722844  -5.667812
56915.73576 12.303  0.052 W2  0.0820  83.722844  -5.667812
56915.73576  0.489  0.064 W1mW2  0.0820  83.722844  -5.667812
56919.63820 12.870  0.119 W1  0.2434  83.722843  -5.667768
56919.63820 12.395  0.092 W2  0.2434  83.722843  -5.667768
56919.63820  0.475  0.151 W1mW2  0.2434  83.722843  -5.667768
56920.15890 12.742  0.051 W1  0.2593  83.722839  -5.667768
56920.15890 12.351  0.095 W2  0.2593  83.722839  -5.667768
56920.15890  0.392  0.107 W1mW2  0.2593  83.722839  -5.667768
57086.97013 12.607  0.043 W1  0.1396  83.722816  -5.667794
57086.97013 12.097  0.047 W2  0.1396  83.722816  -5.667794
57086.97013  0.510  0.064 W1mW2  0.1396  83.722816  -5.667794
57087.52832 12.651  0.094 W1  0.1836  83.722845  -5.667785
57087.52832 12.137  0.092 W2  0.1836  83.722845  -5.667785
57087.52832  0.514  0.131 W1mW2  0.1836  83.722845  -5.667785
57088.08651 12.638  0.037 W1  0.2191  83.722846  -5.667771
57088.08651 12.171  0.050 W2  0.2191  83.722846  -5.667771
57088.08651  0.467  0.062 W1mW2  0.2191  83.722846  -5.667771
57281.59790 12.820  0.066 W1  0.2110  83.722846  -5.667782
57281.59790 12.373  0.133 W2  0.2110  83.722846  -5.667782
57281.59790  0.447  0.149 W1mW2  0.2110  83.722846  -5.667782
57282.17368 12.816  0.058 W1  0.1943  83.722829  -5.667790
57282.17368 12.377  0.114 W2  0.1943  83.722829  -5.667790
57282.17368  0.439  0.128 W1mW2  0.1943  83.722829  -5.667790
57446.52593 12.741  0.083 W1  0.1994  83.722824  -5.667794
57446.52593 12.350  0.082 W2  0.1994  83.722824  -5.667794
57446.52593  0.392  0.116 W1mW2  0.1994  83.722824  -5.667794
57447.10988 12.719  0.095 W1  0.3432  83.722794  -5.667744
57447.10988 12.355  0.066 W2  0.3432  83.722794  -5.667744
57447.10988  0.364  0.116 W1mW2  0.3432  83.722794  -5.667744
57645.72472 12.873  0.116 W1  0.2449  83.722865  -5.667792
57645.72472 12.418  0.079 W2  0.2449  83.722865  -5.667792
57645.72472  0.455  0.140 W1mW2  0.2449  83.722865  -5.667792
57646.22094 12.805  0.052 W1  0.1925  83.722865  -5.667798
57646.22094 12.296  0.082 W2  0.1925  83.722865  -5.667798
57646.22094  0.508  0.097 W1mW2  0.1925  83.722865  -5.667798
57654.26554 12.855  0.043 W1  0.1159  83.722798  -5.667825
57654.26554 12.394  0.065 W2  0.1159  83.722798  -5.667825
57654.26554  0.461  0.078 W1mW2  0.1159  83.722798  -5.667825
57810.71534 12.793  0.111 W1  0.1689  83.722817  -5.667803
57810.71534 12.346  0.083 W2  0.1689  83.722817  -5.667803
57810.71534  0.447  0.138 W1mW2  0.1689  83.722817  -5.667803
57811.12643 12.758  0.107 W1  0.2099  83.722841  -5.667783
57811.12643 12.359  0.088 W2  0.2099  83.722841  -5.667783
57811.12643  0.399  0.139 W1mW2  0.2099  83.722841  -5.667783
57818.42828 12.779  0.046 W1  0.1819  83.722859  -5.667789
57818.42828 12.481  0.070 W2  0.1819  83.722859  -5.667789
57818.42828  0.298  0.084 W1mW2  0.1819  83.722859  -5.667789
58012.76788 12.784  0.057 W1  0.1763  83.722845  -5.667793
58012.76788 12.458  0.085 W2  0.1763  83.722845  -5.667793
58012.76788  0.326  0.102 W1mW2  0.1763  83.722845  -5.667793
58013.19968 12.895  0.060 W1  0.2875  83.722859  -5.667765
58013.19968 12.477  0.099 W2  0.2875  83.722859  -5.667765
58013.19968  0.419  0.115 W1mW2  0.2875  83.722859  -5.667765
58167.76323 12.902  0.122 W1  0.1909  83.722824  -5.667792
58167.76323 12.543  0.076 W2  0.1909  83.722824  -5.667792
58167.76323  0.359  0.144 W1mW2  0.1909  83.722824  -5.667792
58168.23447 12.920  0.064 W1  0.1337  83.722847  -5.667802
58168.23447 12.476  0.124 W2  0.1337  83.722847  -5.667802
58168.23447  0.444  0.140 W1mW2  0.1337  83.722847  -5.667802
58173.98063 12.844  0.036 W1  0.3838  83.722733  -5.667784
58173.98063 12.388  0.070 W2  0.3838  83.722733  -5.667784
58173.98063  0.456  0.079 W1mW2  0.3838  83.722733  -5.667784
58376.74345 12.896  0.087 W1  0.1839  83.722853  -5.667793
58376.74345 12.547  0.073 W2  0.1839  83.722853  -5.667793
58376.74345  0.349  0.113 W1mW2  0.1839  83.722853  -5.667793
58377.30470 12.912  0.102 W1  0.2835  83.722827  -5.667766
58377.30470 12.534  0.119 W2  0.2835  83.722827  -5.667766
58377.30470  0.377  0.157 W1mW2  0.2835  83.722827  -5.667766
58534.73554 12.922  0.097 W1  0.1691  83.722834  -5.667792
58534.73554 12.571  0.133 W2  0.1691  83.722834  -5.667792
58534.73554  0.351  0.165 W1mW2  0.1691  83.722834  -5.667792
58535.19351 12.969  0.093 W1  0.1884  83.722830  -5.667787
58535.19351 12.473  0.111 W2  0.1884  83.722830  -5.667787
58535.19351  0.496  0.145 W1mW2  0.1884  83.722830  -5.667787
58740.84122 12.934  0.071 W1  0.3749  83.722870  -5.667734
58740.84122 12.527  0.069 W2  0.3749  83.722870  -5.667734
58740.84122  0.407  0.099 W1mW2  0.3749  83.722870  -5.667734
58741.36457 12.931  0.074 W1  0.3276  83.722850  -5.667757
58741.36457 12.527  0.119 W2  0.3276  83.722850  -5.667757
58741.36457  0.404  0.141 W1mW2  0.3276  83.722850  -5.667757
58748.10240 12.872  0.038 W1  0.2801  83.722857  -5.667757
58748.10240 12.590  0.068 W2  0.2801  83.722857  -5.667757
58748.10240  0.282  0.078 W1mW2  0.2801  83.722857  -5.667757
58898.79507 12.953  0.095 W1  0.2404  83.722820  -5.667774
58898.79507 12.572  0.114 W2  0.2404  83.722820  -5.667774
58898.79507  0.381  0.148 W1mW2  0.2404  83.722820  -5.667774
58899.25473 12.982  0.104 W1  0.1337  83.722832  -5.667820
58899.25473 12.561  0.087 W2  0.1337  83.722832  -5.667820
58899.25473  0.422  0.136 W1mW2  0.1337  83.722832  -5.667820
59107.94642 12.947  0.041 W1  0.1824  83.722848  -5.667783
59107.94642 12.613  0.061 W2  0.1824  83.722848  -5.667783
59107.94642  0.334  0.073 W1mW2  0.1824  83.722848  -5.667783
59108.46961 13.008  0.103 W1  0.2463  83.722842  -5.667767
59108.46961 12.613  0.100 W2  0.2463  83.722842  -5.667767
59108.46961  0.396  0.144 W1mW2  0.2463  83.722842  -5.667767
59109.05820 12.916  0.037 W1  0.1980  83.722855  -5.667781
59109.05820 12.550  0.078 W2  0.1980  83.722855  -5.667781
59109.05820  0.366  0.086 W1mW2  0.1980  83.722855  -5.667781
