# MJD mag magerr filter flag distance ra dec
58741.56081 12.690  0.307 W1 10  1.9959  83.958584  -5.434829
57282.17359 12.065    NaN W1 10  2.7636  83.958780  -5.434036
57446.58557 12.425    NaN W1 10  2.9110  83.959930  -5.434860
58741.56081 11.145    NaN W2 10  1.9959  83.958584  -5.434829
57282.17359 11.132    NaN W2 10  2.7636  83.958780  -5.434036
57446.58557 11.114    NaN W2 10  2.9110  83.959930  -5.434860
58741.56081  1.545    NaN W1mW2 10  1.9959  83.958584  -5.434829
57282.17359  0.933    NaN W1mW2 10  2.7636  83.958780  -5.434036
57446.58557  1.311    NaN W1mW2 10  2.9110  83.959930  -5.434860
