# MJD mag magerr filter distance ra dec
55262.93065 10.473  0.025 W1  0.3311  83.504532  -6.040748
55262.93065  9.822  0.051 W2  0.3311  83.504532  -6.040748
55262.93065  0.651  0.057 W1mW2  0.3311  83.504532  -6.040748
55263.44670 10.467  0.037 W1  0.3385  83.504527  -6.040754
55263.44670  9.830  0.039 W2  0.3385  83.504527  -6.040754
55263.44670  0.636  0.054 W1mW2  0.3385  83.504527  -6.040754
56724.53785 10.771  0.016 W1  0.3055  83.504535  -6.040731
56724.53785 10.244  0.017 W2  0.3055  83.504535  -6.040731
56724.53785  0.527  0.023 W1mW2  0.3055  83.504535  -6.040731
56727.83030 10.785  0.110 W1  0.3471  83.504543  -6.040693
56727.83030 10.271  0.098 W2  0.3471  83.504543  -6.040693
56727.83030  0.513  0.147 W1mW2  0.3471  83.504543  -6.040693
56728.30444 10.764  0.122 W1  0.3744  83.504543  -6.040752
56728.30444 10.232  0.103 W2  0.3744  83.504543  -6.040752
56728.30444  0.532  0.160 W1mW2  0.3744  83.504543  -6.040752
56915.67005 10.765  0.015 W1  0.3515  83.504547  -6.040735
56915.67005 10.220  0.017 W2  0.3515  83.504547  -6.040735
56915.67005  0.545  0.023 W1mW2  0.3515  83.504547  -6.040735
56919.58346 10.784  0.024 W1  0.3596  83.504550  -6.040733
56919.58346 10.234  0.026 W2  0.3596  83.504550  -6.040733
56919.58346  0.550  0.035 W1mW2  0.3596  83.504550  -6.040733
56920.07671 10.760  0.017 W1  0.3191  83.504531  -6.040744
56920.07671 10.205  0.023 W2  0.3191  83.504531  -6.040744
56920.07671  0.555  0.029 W1mW2  0.3191  83.504531  -6.040744
57086.83868 10.681  0.031 W1  0.3867  83.504545  -6.040756
57086.83868 10.147  0.035 W2  0.3867  83.504545  -6.040756
57086.83868  0.534  0.047 W1mW2  0.3867  83.504545  -6.040756
57087.38378 10.732  0.026 W1  0.3584  83.504539  -6.040750
57087.38378 10.158  0.022 W2  0.3584  83.504539  -6.040750
57087.38378  0.574  0.034 W1mW2  0.3584  83.504539  -6.040750
57280.92746 10.749  0.016 W1  0.4262  83.504579  -6.040694
57280.92746 10.281  0.019 W2  0.4262  83.504579  -6.040694
57280.92746  0.468  0.025 W1mW2  0.4262  83.504579  -6.040694
57281.47008 10.815  0.029 W1  0.3542  83.504550  -6.040728
57281.47008 10.363  0.036 W2  0.3542  83.504550  -6.040728
57281.47008  0.452  0.046 W1mW2  0.3542  83.504550  -6.040728
57282.04256 10.852  0.019 W1  0.3345  83.504546  -6.040725
57282.04256 10.381  0.019 W2  0.3345  83.504546  -6.040725
57282.04256  0.471  0.027 W1mW2  0.3345  83.504546  -6.040725
57445.86445 10.783  0.026 W1  0.3492  83.504544  -6.040739
57445.86445 10.375  0.027 W2  0.3492  83.504544  -6.040739
57445.86445  0.408  0.037 W1mW2  0.3492  83.504544  -6.040739
57446.45436 10.796  0.027 W1  0.3422  83.504539  -6.040742
57446.45436 10.370  0.030 W2  0.3422  83.504539  -6.040742
57446.45436  0.426  0.040 W1mW2  0.3422  83.504539  -6.040742
57645.57467 10.773  0.033 W1  0.3750  83.504554  -6.040735
57645.57467 10.344  0.039 W2  0.3750  83.504554  -6.040735
57645.57467  0.429  0.051 W1mW2  0.3750  83.504554  -6.040735
57646.14244 10.761  0.027 W1  0.3730  83.504556  -6.040731
57646.14244 10.308  0.029 W2  0.3730  83.504556  -6.040731
57646.14244  0.452  0.040 W1mW2  0.3730  83.504556  -6.040731
57810.40966 10.834  0.029 W1  0.3639  83.504545  -6.040744
57810.40966 10.480  0.029 W2  0.3639  83.504545  -6.040744
57810.40966  0.355  0.041 W1mW2  0.3639  83.504545  -6.040744
57811.09365 10.840  0.019 W1  0.3843  83.504549  -6.040747
57811.09365 10.468  0.023 W2  0.3843  83.504549  -6.040747
57811.09365  0.372  0.030 W1mW2  0.3843  83.504549  -6.040747
57818.36270 10.845  0.018 W1  0.4126  83.504559  -6.040748
57818.36270 10.456  0.021 W2  0.4126  83.504559  -6.040748
57818.36270  0.389  0.028 W1mW2  0.4126  83.504559  -6.040748
58012.57582 10.408  0.023 W1  0.3346  83.504544  -6.040729
58012.57582  9.804  0.027 W2  0.3346  83.504544  -6.040729
58012.57582  0.604  0.035 W1mW2  0.3346  83.504544  -6.040729
58013.12333 10.396  0.020 W1  0.3642  83.504551  -6.040735
58013.12333  9.796  0.020 W2  0.3642  83.504551  -6.040735
58013.12333  0.600  0.028 W1mW2  0.3642  83.504551  -6.040735
58167.56076 10.821  0.025 W1  0.3552  83.504544  -6.040741
58167.56076 10.442  0.026 W2  0.3552  83.504544  -6.040741
58167.56076  0.379  0.036 W1mW2  0.3552  83.504544  -6.040741
58168.15565 10.828  0.020 W1  0.2959  83.504525  -6.040741
58168.15565 10.416  0.043 W2  0.2959  83.504525  -6.040741
58168.15565  0.412  0.047 W1mW2  0.2959  83.504525  -6.040741
58173.98051 10.833  0.018 W1  0.4683  83.504579  -6.040744
58173.98051 10.431  0.020 W2  0.4683  83.504579  -6.040744
58173.98051  0.402  0.027 W1mW2  0.4683  83.504579  -6.040744
58376.63513 10.794  0.032 W1  0.3452  83.504546  -6.040732
58376.63513 10.397  0.025 W2  0.3452  83.504546  -6.040732
58376.63513  0.396  0.041 W1mW2  0.3452  83.504546  -6.040732
58377.17554 10.835  0.029 W1  0.3297  83.504540  -6.040734
58377.17554 10.424  0.024 W2  0.3297  83.504540  -6.040734
58377.17554  0.411  0.038 W1mW2  0.3297  83.504540  -6.040734
58534.53374 10.626  0.033 W1  0.3744  83.504548  -6.040744
58534.53374 10.149  0.049 W2  0.3744  83.504548  -6.040744
58534.53374  0.477  0.059 W1mW2  0.3744  83.504548  -6.040744
58535.06256 10.553  0.016 W1  0.3775  83.504541  -6.040757
58535.06256 10.069  0.017 W2  0.3775  83.504541  -6.040757
58535.06256  0.484  0.023 W1mW2  0.3775  83.504541  -6.040757
58740.75954 10.564  0.020 W1  0.4152  83.504565  -6.040737
58740.75954  9.868  0.022 W2  0.4152  83.504565  -6.040737
58740.75954  0.696  0.029 W1mW2  0.4152  83.504565  -6.040737
58741.28987 10.560  0.026 W1  0.3052  83.504529  -6.040736
58741.28987  9.886  0.030 W2  0.3052  83.504529  -6.040736
58741.28987  0.673  0.040 W1mW2  0.3052  83.504529  -6.040736
58748.10240 10.578  0.019 W1  0.3026  83.504516  -6.040753
58748.10240  9.889  0.016 W2  0.3026  83.504516  -6.040753
58748.10240  0.689  0.025 W1mW2  0.3026  83.504516  -6.040753
58898.68712 10.480  0.038 W1  0.3681  83.504541  -6.040752
58898.68712  9.779  0.020 W2  0.3681  83.504541  -6.040752
58898.68712  0.701  0.043 W1mW2  0.3681  83.504541  -6.040752
58899.22678 10.502  0.021 W1  0.3653  83.504547  -6.040743
58899.22678  9.783  0.018 W2  0.3653  83.504547  -6.040743
58899.22678  0.718  0.028 W1mW2  0.3653  83.504547  -6.040743
59107.81577 10.690  0.023 W1  0.3486  83.504550  -6.040727
59107.81577 10.037  0.017 W2  0.3486  83.504550  -6.040727
59107.81577  0.653  0.028 W1mW2  0.3486  83.504550  -6.040727
59108.38251 10.682  0.024 W1  0.3410  83.504546  -6.040728
59108.38251 10.037  0.025 W2  0.3410  83.504546  -6.040728
59108.38251  0.645  0.034 W1mW2  0.3410  83.504546  -6.040728
