# MJD mag magerr filter distance ra dec
55283.59227 11.860  0.070 W1  2.6522 277.454721   1.272170
55283.59227  8.962  0.066 W2  2.6522 277.454721   1.272170
55283.59227  2.898  0.096 W1mW2  2.6522 277.454721   1.272170
55284.13623 11.899  0.059 W1  2.8119 277.454676   1.272175
55284.13623  8.963  0.062 W2  2.8119 277.454676   1.272175
55284.13623  2.935  0.085 W1mW2  2.8119 277.454676   1.272175
55292.14151 11.813  0.025 W1  2.9967 277.454648   1.272251
55292.14151  9.008  0.016 W2  2.9967 277.454648   1.272251
55292.14151  2.805  0.030 W1mW2  2.9967 277.454648   1.272251
