# MJD mag magerr filter flag distance ra dec
55284.99646  6.472  0.087 W1 10  0.8730 278.981394   0.155475
55285.65810  6.674  0.081 W1 10  0.8976 278.981342   0.155512
55285.19497  6.737  0.079 W1 10  0.9070 278.981327   0.155520
55285.06267  6.726  0.078 W1 10  0.9227 278.981344   0.155519
55285.12889  6.679  0.075 W1 10  0.9912 278.981362   0.155532
55284.79806  6.742  0.071 W1 10  0.9940 278.981347   0.155538
55284.66576  6.684  0.076 W1 10  1.0112 278.981368   0.155535
55285.52580  6.779  0.074 W1 10  1.0515 278.981341   0.155558
55285.39349  6.684  0.089 W1 10  1.0723 278.981363   0.155556
55292.27394  6.771  0.075 W1 10  1.0959 278.981357   0.155565
55292.27407  6.926  0.063 W1 10  1.0994 278.981382   0.155555
55284.99658  6.774  0.072 W1 10  1.1007 278.981387   0.155553
55284.93037  6.702  0.085 W1 10  1.1172 278.981369   0.155567
55285.26119  6.647  0.088 W1 10  1.1318 278.981361   0.155574
56929.38205  6.593  0.133 W1 10  0.3392 278.981335   0.155320
58207.19638  6.336  0.145 W1  5  0.4633 278.981245   0.155409
57843.21498  6.933  0.126 W1  5  0.5302 278.981204   0.155420
57291.38854  6.212  0.163 W1  5  0.5425 278.981367   0.155375
57291.78215  6.570  0.128 W1  5  0.5467 278.981155   0.155398
56749.72388  6.839  0.127 W1  5  0.5643 278.981321   0.155419
57649.84257  6.128  0.172 W1  5  0.5744 278.981399   0.155336
58738.77962  6.068  0.171 W1  5  0.5848 278.981386   0.155369
59102.35438  6.396  0.139 W1  5  0.5873 278.981367   0.155394
57843.47692  6.823  0.125 W1  5  0.5891 278.981271   0.155442
58206.86925  6.324  0.146 W1  5  0.5936 278.981265   0.155444
58738.19094  6.238  0.156 W1  5  0.6196 278.981219   0.155449
57479.25817  7.101  0.134 W1  5  0.6404 278.981177   0.155442
59102.81203  6.441  0.136 W1  5  0.6418 278.981312   0.155447
59103.07358  7.004  0.125 W1  5  0.6578 278.981310   0.155453
58010.40530  7.004  0.127 W1  5  0.6713 278.981286   0.155463
58010.79815  7.044  0.127 W1  5  0.6742 278.981428   0.155338
58010.86360  6.921  0.129 W1  5  0.6801 278.981312   0.155459
59102.22297  6.463  0.135 W1  5  0.6837 278.981343   0.155446
56928.85589  6.555  0.132 W1 10  0.6900 278.981291   0.155467
59102.09219  6.381  0.141 W1  5  0.7019 278.981357   0.155443
57291.19181  6.457  0.135 W1  5  0.7073 278.981359   0.155443
57649.97360  6.498  0.134 W1  5  0.7103 278.981279   0.155475
57843.34601  7.017  0.128 W1  5  0.7141 278.981190   0.155469
59102.54997  6.622  0.131 W1  5  0.7217 278.981335   0.155462
58371.48745  6.656  0.132 W1  5  0.7324 278.981422   0.155389
57291.65099  6.527  0.134 W1  5  0.7391 278.981284   0.155482
57476.24356  6.843  0.125 W1  5  0.7435 278.981331   0.155470
56929.25051  6.631  0.129 W1 10  0.7506 278.981419   0.155402
56929.51359  6.677  0.129 W1 10  0.7555 278.981368   0.155454
58206.73834  6.263  0.161 W1  5  0.7602 278.981363   0.155458
59102.94281  6.234  0.157 W1  5  0.7612 278.981394   0.155435
57650.43214  6.618  0.130 W1  5  0.7750 278.981421   0.155411
58011.12553  6.882  0.129 W1  5  0.7920 278.981360   0.155470
56749.59221  6.491  0.134 W1 10  0.7928 278.981305   0.155493
58379.73246  7.082  0.127 W1  5  0.7969 278.981404   0.155439
57478.99598  6.832  0.149 W1  5  0.8055 278.981260   0.155503
58738.45249  6.735  0.121 W1  5  0.8081 278.981360   0.155475
57291.32297  6.185  0.166 W1 10  0.8102 278.981423   0.155424
58207.58909  6.363  0.146 W1  5  0.8103 278.981382   0.155463
57475.98137  6.799  0.129 W1 10  0.8187 278.981257   0.155507
58938.56703  6.965  0.127 W1  5  0.8195 278.981320   0.155497
56749.46054  6.395  0.138 W1  5  0.8301 278.981263   0.155510
56929.51346  6.494  0.139 W1  5  0.8318 278.981418   0.155438
58010.66724  6.878  0.127 W1  5  0.8345 278.981416   0.155442
56929.11897  6.387  0.142 W1 10  0.8551 278.981332   0.155503
56932.47304  6.672  0.126 W1 10  0.8561 278.981321   0.155507
58010.27440  6.901  0.129 W1  5  0.8595 278.981367   0.155488
58938.76326  6.871  0.128 W1  5  0.8640 278.981331   0.155506
58207.32728  6.425  0.137 W1  5  0.8678 278.981198   0.155515
58370.76812  6.958  0.128 W1  5  0.8698 278.981342   0.155503
57649.71154  6.945  0.126 W1  5  0.8703 278.981439   0.155431
57479.12714  6.603  0.129 W1  5  0.8729 278.981280   0.155521
56932.60458  6.654  0.129 W1 10  0.8785 278.981483   0.155353
58737.92926  6.060  0.172 W1  5  0.8814 278.981488   0.155337
58010.40543  7.051  0.131 W1  5  0.8818 278.981393   0.155479
57650.03918  6.545  0.130 W1  5  0.8836 278.981316   0.155516
58010.60179  6.965  0.127 W1  5  0.8853 278.981373   0.155493
57475.65372  6.924  0.128 W1  5  0.8898 278.981376   0.155493
56932.40734  6.418  0.136 W1 10  0.8912 278.981400   0.155477
56929.31622  6.586  0.130 W1 10  0.8946 278.981376   0.155494
57112.21936  6.945  0.126 W1  5  0.8946 278.981372   0.155497
58370.89890  6.979  0.127 W1  5  0.8990 278.981376   0.155496
58371.16020  6.719  0.125 W1  5  0.8993 278.981402   0.155478
57843.08408  6.617  0.130 W1 10  0.9019 278.981258   0.155530
58010.14350  6.952  0.126 W1  5  0.9072 278.981424   0.155462
56750.05305  6.449  0.135 W1  5  0.9087 278.981327   0.155521
59102.41970  6.561  0.138 W1  5  0.9116 278.981317   0.155524
58371.61874  6.882  0.129 W1  5  0.9180 278.981371   0.155504
57650.56317  6.591  0.131 W1  5  0.9185 278.981418   0.155472
57112.08807  6.915  0.128 W1 10  0.9191 278.981275   0.155534
58371.09525  6.987  0.127 W1  5  0.9232 278.981309   0.155529
59102.48516  6.930  0.126 W1  5  0.9250 278.981407   0.155483
57843.47704  7.040  0.128 W1  5  0.9289 278.981462   0.155427
57476.11252  7.639  0.050 W1  0  0.9329 278.981342   0.155522
57475.78476  6.690  0.128 W1  5  0.9421 278.981344   0.155524
58738.19082  6.024  0.170 W1  5  0.9493 278.981353   0.155523
58010.99463  6.901  0.127 W1  5  0.9497 278.981385   0.155507
57111.82537  7.955  0.035 W1  0  0.9621 278.981167   0.155534
58207.06560  6.011  0.170 W1  5  0.9641 278.981318   0.155539
58379.73258  6.901  0.128 W1  5  0.9647 278.981368   0.155520
57111.95678  6.994  0.127 W1 10  0.9679 278.981330   0.155537
57476.50575  6.973  0.128 W1  5  0.9698 278.981381   0.155516
58738.32172  5.803  0.199 W1 10  0.9722 278.981441   0.155471
57478.93053  6.746  0.122 W1  5  0.9758 278.981354   0.155530
58371.74964  6.890  0.127 W1  5  0.9768 278.981439   0.155474
57111.69409  6.916  0.128 W1 10  0.9819 278.981287   0.155550
58371.35706  6.981  0.126 W1  5  0.9877 278.981444   0.155474
57650.23566  6.347  0.143 W1  5  0.9913 278.981417   0.155499
58939.02494  6.881  0.128 W1  5  0.9915 278.981297   0.155551
57842.75669  6.617  0.130 W1  5  0.9966 278.981338   0.155542
58371.29161  7.022  0.127 W1  5  0.9972 278.981385   0.155522
58938.17470  6.799  0.125 W1  5  1.0045 278.981326   0.155549
57842.95317  6.683  0.127 W1 10  1.0073 278.981318   0.155552
56749.32888  6.568  0.129 W1  5  1.0083 278.981302   0.155555
59102.61580  6.277  0.152 W1  5  1.0093 278.981434   0.155491
58738.25627  6.227  0.156 W1  5  1.0147 278.981372   0.155534
58370.63722  7.123  0.123 W1  5  1.0181 278.981351   0.155544
59102.68126  6.761  0.121 W1  5  1.0318 278.981493   0.155432
58573.95837  6.863  0.130 W1  5  1.0319 278.981342   0.155552
56928.98743  6.606  0.130 W1 10  1.0326 278.981429   0.155504
56749.78971  6.434  0.140 W1 10  1.0346 278.981298   0.155563
57111.75979  6.941  0.127 W1 10  1.0359 278.981308   0.155562
58574.22005  6.897  0.128 W1  5  1.0417 278.981345   0.155553
58574.67808  6.877  0.128 W1  5  1.0457 278.981346   0.155554
58574.41641  6.844  0.127 W1  5  1.0495 278.981328   0.155561
57650.30124  6.538  0.134 W1  5  1.0591 278.981426   0.155516
58010.73269  6.937  0.127 W1  5  1.0608 278.981352   0.155556
57843.01862  6.762  0.122 W1  5  1.0634 278.981274   0.155574
56932.27580  6.322  0.151 W1 10  1.0642 278.981414   0.155526
57650.43227  7.026  0.127 W1  5  1.0661 278.981124   0.155548
57475.91591  6.467  0.134 W1  5  1.0670 278.981291   0.155574
57842.82214  6.585  0.130 W1 10  1.0679 278.981298   0.155573
58938.30548  6.849  0.127 W1  5  1.0730 278.981328   0.155568
57111.56280  7.094  0.126 W1 10  1.0741 278.981389   0.155544
58574.08927  6.854  0.127 W1  5  1.0830 278.981336   0.155568
58574.80886  7.125  0.123 W1  5  1.0887 278.981378   0.155554
56932.86753  6.416  0.136 W1 10  1.0911 278.981421   0.155530
57111.36581  6.981  0.127 W1 10  1.0913 278.981299   0.155579
58574.28550  6.806  0.124 W1  5  1.0913 278.981297   0.155580
58938.04393  6.797  0.124 W1  5  1.0914 278.981370   0.155558
58938.50171  6.880  0.129 W1  5  1.0924 278.981332   0.155572
56932.73599  6.060  0.171 W1 10  1.0933 278.981425   0.155528
58207.26196  6.347  0.143 W1  5  1.0934 278.981337   0.155571
56929.57930  6.388  0.140 W1 10  1.0985 278.981421   0.155533
58938.56716  6.912  0.128 W1  5  1.1115 278.981350   0.155572
57479.38920  6.690  0.127 W1  5  1.1151 278.981356   0.155571
58371.22616  7.210  0.107 W1  5  1.1152 278.981488   0.155479
56932.60445  6.427  0.139 W1 10  1.1202 278.981421   0.155540
56749.65804  6.509  0.134 W1 10  1.1221 278.981355   0.155573
58207.26183  6.309  0.147 W1  5  1.1247 278.981367   0.155570
56750.18471  6.662  0.129 W1 10  1.1276 278.981320   0.155585
57650.69421  6.959  0.125 W1  5  1.1303 278.981033   0.155507
58207.00015  6.334  0.144 W1  5  1.1321 278.981459   0.155515
57650.10463  6.468  0.134 W1 10  1.1379 278.981324   0.155587
58574.54718  6.877  0.128 W1  5  1.1427 278.981395   0.155562
57291.25739  6.110  0.170 W1  5  1.1440 278.981476   0.155504
58011.25643  7.072  0.127 W1 10  1.1450 278.981411   0.155554
57290.92936  6.430  0.135 W1  5  1.1456 278.981277   0.155597
58573.82759  6.897  0.127 W1 10  1.1494 278.981370   0.155576
57111.49709  7.026  0.128 W1  5  1.1507 278.981388   0.155568
56932.34150  6.489  0.136 W1 10  1.1515 278.981467   0.155515
58573.69669  6.910  0.127 W1  5  1.1631 278.981291   0.155600
57111.23452  6.975  0.127 W1 10  1.1642 278.981345   0.155589
57291.12623  6.587  0.130 W1 10  1.1674 278.981384   0.155575
57291.65086  5.855  0.183 W1  5  1.1674 278.981524   0.155453
58938.89416  6.852  0.127 W1  5  1.1804 278.981336   0.155596
57476.37459  6.815  0.127 W1  5  1.1828 278.981397   0.155574
57842.62566  6.466  0.138 W1  5  1.1900 278.981244   0.155611
58010.53634  7.052  0.128 W1  5  1.1943 278.981433   0.155556
57475.39154  6.698  0.124 W1  0  1.2087 278.981480   0.155525
57842.88759  6.480  0.134 W1  5  1.2288 278.981391   0.155591
58738.51795  5.994  0.174 W1  5  1.2375 278.981326   0.155615
58938.63248  6.836  0.126 W1  5  1.2476 278.981396   0.155594
56932.27567  6.933  0.128 W1 10  1.2492 278.981488   0.155533
56749.19721  6.653  0.128 W1 10  1.2608 278.981337   0.155619
57842.49475  6.545  0.133 W1 10  1.2833 278.981349   0.155623
57650.17021  6.517  0.137 W1  5  1.2882 278.981514   0.155522
56932.40721  6.079  0.170 W1 10  1.2963 278.981434   0.155589
56929.44776  6.686  0.127 W1 10  1.2965 278.981471   0.155564
57111.62851  6.862  0.129 W1  5  1.2974 278.981310   0.155635
59102.61593  6.798  0.124 W1  5  1.3084 278.981440   0.155590
58938.37093  7.224  0.104 W1  5  1.3144 278.981357   0.155629
56749.92138  6.390  0.144 W1 10  1.3173 278.981274   0.155645
57649.71166  6.840  0.126 W1 10  1.3207 278.981178   0.155640
56750.31638  6.709  0.124 W1  5  1.3261 278.981374   0.155627
57843.14953  6.671  0.131 W1  5  1.3437 278.981475   0.155578
57843.21511  6.471  0.136 W1  5  1.3687 278.981411   0.155624
57290.79821  6.492  0.133 W1  5  1.3695 278.981405   0.155628
58371.02980  7.216  0.106 W1  5  1.3823 278.981620   0.155382
58574.35095  6.802  0.123 W1  5  1.3826 278.981367   0.155646
56749.85555  6.370  0.147 W1  5  1.3851 278.981236   0.155665
58938.43626  6.858  0.128 W1  5  1.3874 278.981321   0.155659
57291.06052  7.202  0.112 W1  5  1.3903 278.981417   0.155628
58737.79836  6.167  0.161 W1  5  1.4148 278.981462   0.155611
58738.91040  6.187  0.159 W1  5  1.4271 278.981592   0.155480
57291.51970  6.352  0.145 W1  5  1.4473 278.981480   0.155609
57476.04695  6.701  0.126 W1  5  1.4573 278.981468   0.155621
57475.52269  6.831  0.136 W1 10  1.4868 278.981373   0.155674
58206.60744  6.925  0.126 W1 10  1.5118 278.981584   0.155025
58738.64872  6.422  0.136 W1  5  1.5124 278.981372   0.155682
56929.38192  6.834  0.129 W1 10  1.5231 278.981356   0.155690
59102.48503  6.564  0.129 W1  5  1.6612 278.981590   0.155592
58207.45819  6.335  0.149 W1  5  1.6749 278.981406   0.155718
59101.96142  6.461  0.132 W1  5  1.7184 278.981477   0.155700
57475.85034  6.946  0.136 W1  5  1.8074 278.981417   0.155753
55284.99646  6.294  0.061 W2 10  0.8730 278.981394   0.155475
55285.65810  6.239  0.059 W2 10  0.8976 278.981342   0.155512
55285.19497  6.281  0.059 W2 10  0.9070 278.981327   0.155520
55285.06267  6.227  0.060 W2 10  0.9227 278.981344   0.155519
55285.12889  6.119  0.061 W2 10  0.9912 278.981362   0.155532
55284.79806  6.192  0.061 W2 10  0.9940 278.981347   0.155538
55284.66576  6.001  0.067 W2 10  1.0112 278.981368   0.155535
55285.52580  6.271  0.060 W2 10  1.0515 278.981341   0.155558
55285.39349  6.346  0.058 W2 10  1.0723 278.981363   0.155556
55292.27394  6.315  0.059 W2 10  1.0959 278.981357   0.155565
55292.27407  6.344  0.059 W2 10  1.0994 278.981382   0.155555
55284.99658  6.255  0.060 W2 10  1.1007 278.981387   0.155553
55284.93037  6.283  0.061 W2 10  1.1172 278.981369   0.155567
55285.26119  6.287  0.057 W2 10  1.1318 278.981361   0.155574
56929.38205  5.721  0.139 W2 10  0.3392 278.981335   0.155320
58738.06004  5.573  0.144 W2  5  0.3490 278.981341   0.155313
58207.19638  6.163  0.106 W2  5  0.4633 278.981245   0.155409
57843.21498  6.294  0.096 W2  5  0.5302 278.981204   0.155420
57291.38854  5.943  0.134 W2  5  0.5425 278.981367   0.155375
57291.78215  5.656  0.138 W2  5  0.5467 278.981155   0.155398
56749.72388  6.179  0.105 W2  5  0.5643 278.981321   0.155419
57649.84257  5.947  0.122 W2  5  0.5744 278.981399   0.155336
58738.77962  5.793  0.133 W2  5  0.5848 278.981386   0.155369
59102.35438  6.097  0.112 W2  5  0.5873 278.981367   0.155394
57843.47692  6.261  0.100 W2  5  0.5891 278.981271   0.155442
58206.86925  5.941  0.119 W2  5  0.5936 278.981265   0.155444
58738.19094  6.077  0.112 W2  5  0.6196 278.981219   0.155449
57479.25817  6.389  0.088 W2  5  0.6404 278.981177   0.155442
59102.81203  6.219  0.104 W2  5  0.6418 278.981312   0.155447
59103.07358  6.225  0.103 W2  5  0.6578 278.981310   0.155453
58010.40530  6.554  0.069 W2  5  0.6713 278.981286   0.155463
58010.79815  6.577  0.068 W2  5  0.6742 278.981428   0.155338
58010.86360  6.498  0.077 W2  5  0.6801 278.981312   0.155459
59102.22297  6.243  0.103 W2  5  0.6837 278.981343   0.155446
56928.85589  5.922  0.120 W2 10  0.6900 278.981291   0.155467
59102.09219  6.283  0.097 W2  5  0.7019 278.981357   0.155443
57291.19181  5.944  0.118 W2  5  0.7073 278.981359   0.155443
57649.97360  6.139  0.108 W2  5  0.7103 278.981279   0.155475
57843.34601  6.175  0.106 W2  5  0.7141 278.981190   0.155469
59102.54997  6.225  0.103 W2  5  0.7217 278.981335   0.155462
58371.48745  6.306  0.096 W2  5  0.7324 278.981422   0.155389
57291.65099  5.807  0.134 W2  5  0.7391 278.981284   0.155482
57476.24356  6.351  0.085 W2  5  0.7435 278.981331   0.155470
56929.51359  5.827  0.130 W2 10  0.7555 278.981368   0.155454
58206.73834  6.007  0.123 W2  5  0.7602 278.981363   0.155458
59102.94281  6.198  0.104 W2  5  0.7612 278.981394   0.155435
57650.43214  6.281  0.098 W2  5  0.7750 278.981421   0.155411
58011.12553  6.487  0.080 W2  5  0.7920 278.981360   0.155470
56749.59221  6.114  0.110 W2 10  0.7928 278.981305   0.155493
58379.73246  6.456  0.082 W2  5  0.7969 278.981404   0.155439
57478.99598  6.342  0.106 W2  5  0.8055 278.981260   0.155503
58738.45249  5.799  0.133 W2  5  0.8081 278.981360   0.155475
57291.32297  5.882  0.128 W2 10  0.8102 278.981423   0.155424
58207.58909  6.053  0.114 W2  5  0.8103 278.981382   0.155463
57475.98137  6.316  0.094 W2 10  0.8187 278.981257   0.155507
58938.56703  6.484  0.079 W2  5  0.8195 278.981320   0.155497
56749.46054  6.149  0.107 W2  5  0.8301 278.981263   0.155510
56929.51346  5.741  0.142 W2  5  0.8318 278.981418   0.155438
58010.66724  6.517  0.073 W2  5  0.8345 278.981416   0.155442
56929.11897  6.029  0.116 W2 10  0.8551 278.981332   0.155503
56932.47304  5.994  0.117 W2 10  0.8561 278.981321   0.155507
58010.27440  6.511  0.075 W2  5  0.8595 278.981367   0.155488
58938.76326  6.424  0.083 W2  5  0.8640 278.981331   0.155506
58207.32728  5.933  0.119 W2  5  0.8678 278.981198   0.155515
58370.76812  6.348  0.086 W2  5  0.8698 278.981342   0.155503
57649.71154  6.283  0.098 W2  5  0.8703 278.981439   0.155431
57479.12714  6.157  0.106 W2  5  0.8729 278.981280   0.155521
56932.60458  5.977  0.117 W2 10  0.8785 278.981483   0.155353
58737.92926  5.772  0.135 W2  5  0.8814 278.981488   0.155337
58010.40543  6.494  0.078 W2  5  0.8818 278.981393   0.155479
57650.03918  6.199  0.104 W2  5  0.8836 278.981316   0.155516
58010.60179  6.458  0.082 W2  5  0.8853 278.981373   0.155493
57475.65372  6.334  0.088 W2  5  0.8898 278.981376   0.155493
56932.40734  5.964  0.118 W2 10  0.8912 278.981400   0.155477
56929.31622  5.891  0.122 W2 10  0.8946 278.981376   0.155494
57112.21936  6.450  0.082 W2  5  0.8946 278.981372   0.155497
58370.89890  6.499  0.076 W2  5  0.8990 278.981376   0.155496
58371.16020  6.383  0.084 W2  5  0.8993 278.981402   0.155478
57843.08408  6.048  0.115 W2 10  0.9019 278.981258   0.155530
58010.14350  6.549  0.069 W2  5  0.9072 278.981424   0.155462
56750.05305  6.128  0.109 W2  5  0.9087 278.981327   0.155521
59102.41970  6.138  0.114 W2  5  0.9116 278.981317   0.155524
58371.61874  6.368  0.085 W2  5  0.9180 278.981371   0.155504
57650.56317  6.133  0.108 W2  5  0.9185 278.981418   0.155472
57112.08807  6.403  0.084 W2 10  0.9191 278.981275   0.155534
58371.09525  6.430  0.083 W2  5  0.9232 278.981309   0.155529
59102.48516  6.234  0.103 W2  5  0.9250 278.981407   0.155483
57843.47704  6.181  0.106 W2  5  0.9289 278.981462   0.155427
57476.11252  7.175  0.044 W2  0  0.9329 278.981342   0.155522
57475.78476  6.323  0.090 W2  5  0.9421 278.981344   0.155524
58738.19082  6.150  0.106 W2  5  0.9493 278.981353   0.155523
58010.99463  6.476  0.080 W2  5  0.9497 278.981385   0.155507
57111.82537  7.506  0.041 W2  0  0.9621 278.981167   0.155534
58207.06560  5.909  0.120 W2  5  0.9641 278.981318   0.155539
58379.73258  6.474  0.080 W2  5  0.9647 278.981368   0.155520
57111.95678  6.416  0.083 W2 10  0.9679 278.981330   0.155537
57476.50575  6.291  0.096 W2  5  0.9698 278.981381   0.155516
58738.32172  5.954  0.132 W2 10  0.9722 278.981441   0.155471
57478.93053  6.118  0.111 W2  5  0.9758 278.981354   0.155530
58371.74964  6.445  0.082 W2  5  0.9768 278.981439   0.155474
57111.69409  6.405  0.084 W2 10  0.9819 278.981287   0.155550
58371.35706  6.313  0.093 W2  5  0.9877 278.981444   0.155474
57650.23566  6.098  0.111 W2  5  0.9913 278.981417   0.155499
58939.02494  6.525  0.072 W2  5  0.9915 278.981297   0.155551
58207.13106  5.892  0.122 W2  5  0.9961 278.981235   0.155556
57842.75669  6.061  0.114 W2  5  0.9966 278.981338   0.155542
58371.29161  6.394  0.084 W2  5  0.9972 278.981385   0.155522
58938.17470  6.432  0.083 W2  5  1.0045 278.981326   0.155549
57842.95317  6.106  0.110 W2 10  1.0073 278.981318   0.155552
56749.32888  6.086  0.112 W2  5  1.0083 278.981302   0.155555
59102.61580  6.221  0.103 W2  5  1.0093 278.981434   0.155491
58738.25627  5.932  0.119 W2  5  1.0147 278.981372   0.155534
58370.63722  6.418  0.083 W2  5  1.0181 278.981351   0.155544
59102.68126  6.258  0.101 W2  5  1.0318 278.981493   0.155432
58573.95837  6.480  0.080 W2  5  1.0319 278.981342   0.155552
56928.98743  5.923  0.120 W2 10  1.0326 278.981429   0.155504
56749.78971  6.125  0.109 W2 10  1.0346 278.981298   0.155563
57111.75979  6.372  0.084 W2 10  1.0359 278.981308   0.155562
58574.22005  6.503  0.076 W2  5  1.0417 278.981345   0.155553
58574.67808  6.441  0.083 W2  5  1.0457 278.981346   0.155554
58574.41641  6.453  0.082 W2  5  1.0495 278.981328   0.155561
57650.30124  6.130  0.109 W2  5  1.0591 278.981426   0.155516
58010.73269  6.521  0.072 W2  5  1.0608 278.981352   0.155556
57843.01862  6.047  0.115 W2  5  1.0634 278.981274   0.155574
56932.27580  5.954  0.118 W2 10  1.0642 278.981414   0.155526
57650.43227  6.215  0.103 W2  5  1.0661 278.981124   0.155548
57475.91591  6.048  0.115 W2  5  1.0670 278.981291   0.155574
57842.82214  6.048  0.115 W2 10  1.0679 278.981298   0.155573
58938.30548  6.429  0.083 W2  5  1.0730 278.981328   0.155568
57111.56280  6.444  0.082 W2 10  1.0741 278.981389   0.155544
58574.08927  6.466  0.081 W2  5  1.0830 278.981336   0.155568
58574.80886  6.549  0.069 W2  5  1.0887 278.981378   0.155554
56932.86753  5.873  0.124 W2 10  1.0911 278.981421   0.155530
57111.36581  6.429  0.083 W2 10  1.0913 278.981299   0.155579
58574.28550  6.469  0.081 W2  5  1.0913 278.981297   0.155580
58938.04393  6.376  0.084 W2  5  1.0914 278.981370   0.155558
58938.50171  6.387  0.085 W2  5  1.0924 278.981332   0.155572
56932.73599  5.962  0.118 W2 10  1.0933 278.981425   0.155528
58207.26196  5.984  0.118 W2  5  1.0934 278.981337   0.155571
56929.57930  5.889  0.122 W2 10  1.0985 278.981421   0.155533
58938.56716  6.447  0.082 W2  5  1.1115 278.981350   0.155572
57479.38920  6.341  0.087 W2  5  1.1151 278.981356   0.155571
58371.22616  6.387  0.084 W2  5  1.1152 278.981488   0.155479
56932.60445  6.015  0.116 W2 10  1.1202 278.981421   0.155540
56749.65804  6.153  0.107 W2 10  1.1221 278.981355   0.155573
58207.26183  6.068  0.114 W2  5  1.1247 278.981367   0.155570
56750.18471  6.182  0.105 W2 10  1.1276 278.981320   0.155585
57650.69421  6.274  0.099 W2  5  1.1303 278.981033   0.155507
58207.00015  5.785  0.134 W2  5  1.1321 278.981459   0.155515
57650.10463  6.230  0.103 W2 10  1.1379 278.981324   0.155587
58574.54718  6.507  0.075 W2  5  1.1427 278.981395   0.155562
57291.25739  6.110  0.110 W2  5  1.1440 278.981476   0.155504
58011.25643  6.563  0.069 W2 10  1.1450 278.981411   0.155554
57290.92936  5.887  0.123 W2  5  1.1456 278.981277   0.155597
58573.82759  6.443  0.083 W2 10  1.1494 278.981370   0.155576
57111.49709  6.398  0.084 W2  5  1.1507 278.981388   0.155568
58573.69669  6.469  0.081 W2  5  1.1631 278.981291   0.155600
57111.23452  6.421  0.084 W2 10  1.1642 278.981345   0.155589
57291.12623  5.869  0.124 W2 10  1.1674 278.981384   0.155575
57291.65086  5.952  0.118 W2  5  1.1674 278.981524   0.155453
58938.89416  6.360  0.085 W2  5  1.1804 278.981336   0.155596
57476.37459  6.225  0.104 W2  5  1.1828 278.981397   0.155574
57842.62566  5.998  0.118 W2  5  1.1900 278.981244   0.155611
58010.53634  6.486  0.079 W2  5  1.1943 278.981433   0.155556
57475.39154  6.405  0.084 W2  0  1.2087 278.981480   0.155525
57842.88759  6.119  0.109 W2  5  1.2288 278.981391   0.155591
58738.51795  5.972  0.121 W2  5  1.2375 278.981326   0.155615
58938.63248  6.372  0.084 W2  5  1.2476 278.981396   0.155594
56932.27567  6.030  0.115 W2 10  1.2492 278.981488   0.155533
56749.19721  6.181  0.104 W2 10  1.2608 278.981337   0.155619
57842.49475  6.046  0.115 W2 10  1.2833 278.981349   0.155623
57650.17021  6.081  0.113 W2  5  1.2882 278.981514   0.155522
56932.40721  5.845  0.127 W2 10  1.2963 278.981434   0.155589
56929.44776  5.909  0.120 W2 10  1.2965 278.981471   0.155564
57111.62851  6.367  0.084 W2  5  1.2974 278.981310   0.155635
59102.61593  6.335  0.088 W2  5  1.3084 278.981440   0.155590
58938.37093  6.486  0.078 W2  5  1.3144 278.981357   0.155629
56749.92138  6.099  0.113 W2 10  1.3173 278.981274   0.155645
57649.71166  6.321  0.091 W2 10  1.3207 278.981178   0.155640
56750.31638  6.094  0.111 W2  5  1.3261 278.981374   0.155627
57843.14953  6.088  0.112 W2  5  1.3437 278.981475   0.155578
57843.21511  6.161  0.106 W2  5  1.3687 278.981411   0.155624
57290.79821  5.810  0.131 W2  5  1.3695 278.981405   0.155628
58371.02980  6.292  0.097 W2  5  1.3823 278.981620   0.155382
58574.35095  6.566  0.069 W2  5  1.3826 278.981367   0.155646
56749.85555  5.997  0.124 W2  5  1.3851 278.981236   0.155665
58938.43626  6.467  0.082 W2  5  1.3874 278.981321   0.155659
57291.06052  6.065  0.113 W2  5  1.3903 278.981417   0.155628
58737.79836  6.146  0.107 W2  5  1.4148 278.981462   0.155611
58738.91040  5.976  0.117 W2  5  1.4271 278.981592   0.155480
57291.51970  5.982  0.117 W2  5  1.4473 278.981480   0.155609
57476.04695  6.225  0.103 W2  5  1.4573 278.981468   0.155621
57475.52269  6.361  0.095 W2 10  1.4868 278.981373   0.155674
58206.60744  6.633  0.068 W2 10  1.5118 278.981584   0.155025
58738.64872  6.100  0.110 W2  5  1.5124 278.981372   0.155682
56929.38192  6.186  0.104 W2 10  1.5231 278.981356   0.155690
59102.48503  6.387  0.084 W2  5  1.6612 278.981590   0.155592
58207.45819  5.773  0.137 W2  5  1.6749 278.981406   0.155718
59101.96142  6.257  0.100 W2  5  1.7184 278.981477   0.155700
57475.85034  6.516  0.084 W2  5  1.8074 278.981417   0.155753
55284.99646  0.178  0.106 W1mW2 10  0.8730 278.981394   0.155475
55285.65810  0.435  0.101 W1mW2 10  0.8976 278.981342   0.155512
55285.19497  0.457  0.098 W1mW2 10  0.9070 278.981327   0.155520
55285.06267  0.500  0.099 W1mW2 10  0.9227 278.981344   0.155519
55285.12889  0.559  0.097 W1mW2 10  0.9912 278.981362   0.155532
55284.79806  0.550  0.093 W1mW2 10  0.9940 278.981347   0.155538
55284.66576  0.683  0.101 W1mW2 10  1.0112 278.981368   0.155535
55285.52580  0.509  0.095 W1mW2 10  1.0515 278.981341   0.155558
55285.39349  0.337  0.106 W1mW2 10  1.0723 278.981363   0.155556
55292.27394  0.455  0.095 W1mW2 10  1.0959 278.981357   0.155565
55292.27407  0.582  0.086 W1mW2 10  1.0994 278.981382   0.155555
55284.99658  0.518  0.094 W1mW2 10  1.1007 278.981387   0.155553
55284.93037  0.418  0.105 W1mW2 10  1.1172 278.981369   0.155567
55285.26119  0.360  0.105 W1mW2 10  1.1318 278.981361   0.155574
56929.38205  0.872  0.192 W1mW2 10  0.3392 278.981335   0.155320
58207.19638  0.173  0.180 W1mW2  5  0.4633 278.981245   0.155409
57843.21498  0.640  0.159 W1mW2  5  0.5302 278.981204   0.155420
57291.38854  0.269  0.211 W1mW2  5  0.5425 278.981367   0.155375
57291.78215  0.914  0.189 W1mW2  5  0.5467 278.981155   0.155398
56749.72388  0.660  0.165 W1mW2  5  0.5643 278.981321   0.155419
57649.84257  0.182  0.210 W1mW2  5  0.5744 278.981399   0.155336
58738.77962  0.275  0.217 W1mW2  5  0.5848 278.981386   0.155369
59102.35438  0.299  0.178 W1mW2  5  0.5873 278.981367   0.155394
57843.47692  0.562  0.160 W1mW2  5  0.5891 278.981271   0.155442
58206.86925  0.384  0.188 W1mW2  5  0.5936 278.981265   0.155444
58738.19094  0.161  0.192 W1mW2  5  0.6196 278.981219   0.155449
57479.25817  0.711  0.160 W1mW2  5  0.6404 278.981177   0.155442
59102.81203  0.222  0.172 W1mW2  5  0.6418 278.981312   0.155447
59103.07358  0.779  0.162 W1mW2  5  0.6578 278.981310   0.155453
58010.40530  0.449  0.144 W1mW2  5  0.6713 278.981286   0.155463
58010.79815  0.467  0.144 W1mW2  5  0.6742 278.981428   0.155338
58010.86360  0.424  0.150 W1mW2  5  0.6801 278.981312   0.155459
59102.22297  0.220  0.170 W1mW2  5  0.6837 278.981343   0.155446
56928.85589  0.633  0.178 W1mW2 10  0.6900 278.981291   0.155467
59102.09219  0.099  0.172 W1mW2  5  0.7019 278.981357   0.155443
57291.19181  0.513  0.179 W1mW2  5  0.7073 278.981359   0.155443
57649.97360  0.359  0.172 W1mW2  5  0.7103 278.981279   0.155475
57843.34601  0.842  0.166 W1mW2  5  0.7141 278.981190   0.155469
59102.54997  0.398  0.166 W1mW2  5  0.7217 278.981335   0.155462
58371.48745  0.350  0.163 W1mW2  5  0.7324 278.981422   0.155389
57291.65099  0.720  0.190 W1mW2  5  0.7391 278.981284   0.155482
57476.24356  0.492  0.152 W1mW2  5  0.7435 278.981331   0.155470
56929.51359  0.850  0.183 W1mW2 10  0.7555 278.981368   0.155454
58206.73834  0.256  0.202 W1mW2  5  0.7602 278.981363   0.155458
59102.94281  0.036  0.188 W1mW2  5  0.7612 278.981394   0.155435
57650.43214  0.336  0.163 W1mW2  5  0.7750 278.981421   0.155411
58011.12553  0.395  0.151 W1mW2  5  0.7920 278.981360   0.155470
56749.59221  0.377  0.173 W1mW2 10  0.7928 278.981305   0.155493
58379.73246  0.626  0.151 W1mW2  5  0.7969 278.981404   0.155439
57478.99598  0.490  0.183 W1mW2  5  0.8055 278.981260   0.155503
58738.45249  0.936  0.180 W1mW2  5  0.8081 278.981360   0.155475
57291.32297  0.303  0.210 W1mW2 10  0.8102 278.981423   0.155424
58207.58909  0.310  0.185 W1mW2  5  0.8103 278.981382   0.155463
57475.98137  0.483  0.159 W1mW2 10  0.8187 278.981257   0.155507
58938.56703  0.480  0.149 W1mW2  5  0.8195 278.981320   0.155497
56749.46054  0.247  0.175 W1mW2  5  0.8301 278.981263   0.155510
56929.51346  0.753  0.199 W1mW2  5  0.8318 278.981418   0.155438
58010.66724  0.361  0.147 W1mW2  5  0.8345 278.981416   0.155442
56929.11897  0.358  0.183 W1mW2 10  0.8551 278.981332   0.155503
56932.47304  0.678  0.172 W1mW2 10  0.8561 278.981321   0.155507
58010.27440  0.391  0.149 W1mW2  5  0.8595 278.981367   0.155488
58938.76326  0.448  0.152 W1mW2  5  0.8640 278.981331   0.155506
58207.32728  0.492  0.181 W1mW2  5  0.8678 278.981198   0.155515
58370.76812  0.611  0.154 W1mW2  5  0.8698 278.981342   0.155503
57649.71154  0.663  0.160 W1mW2  5  0.8703 278.981439   0.155431
57479.12714  0.446  0.167 W1mW2  5  0.8729 278.981280   0.155521
56932.60458  0.678  0.174 W1mW2 10  0.8785 278.981483   0.155353
58737.92926  0.288  0.219 W1mW2  5  0.8814 278.981488   0.155337
58010.40543  0.557  0.152 W1mW2  5  0.8818 278.981393   0.155479
57650.03918  0.346  0.167 W1mW2  5  0.8836 278.981316   0.155516
58010.60179  0.507  0.151 W1mW2  5  0.8853 278.981373   0.155493
57475.65372  0.590  0.156 W1mW2  5  0.8898 278.981376   0.155493
56932.40734  0.454  0.180 W1mW2 10  0.8912 278.981400   0.155477
56929.31622  0.695  0.178 W1mW2 10  0.8946 278.981376   0.155494
57112.21936  0.495  0.150 W1mW2  5  0.8946 278.981372   0.155497
58370.89890  0.480  0.148 W1mW2  5  0.8990 278.981376   0.155496
58371.16020  0.336  0.150 W1mW2  5  0.8993 278.981402   0.155478
57843.08408  0.568  0.174 W1mW2 10  0.9019 278.981258   0.155530
58010.14350  0.402  0.143 W1mW2  5  0.9072 278.981424   0.155462
56750.05305  0.321  0.174 W1mW2  5  0.9087 278.981327   0.155521
59102.41970  0.424  0.179 W1mW2  5  0.9116 278.981317   0.155524
58371.61874  0.514  0.154 W1mW2  5  0.9180 278.981371   0.155504
57650.56317  0.458  0.170 W1mW2  5  0.9185 278.981418   0.155472
57112.08807  0.511  0.153 W1mW2 10  0.9191 278.981275   0.155534
58371.09525  0.557  0.152 W1mW2  5  0.9232 278.981309   0.155529
59102.48516  0.696  0.163 W1mW2  5  0.9250 278.981407   0.155483
57843.47704  0.859  0.166 W1mW2  5  0.9289 278.981462   0.155427
57476.11252  0.464  0.067 W1mW2  0  0.9329 278.981342   0.155522
57475.78476  0.367  0.156 W1mW2  5  0.9421 278.981344   0.155524
58738.19082 -0.126  0.200 W1mW2  5  0.9493 278.981353   0.155523
58010.99463  0.425  0.150 W1mW2  5  0.9497 278.981385   0.155507
57111.82537  0.449  0.054 W1mW2  0  0.9621 278.981167   0.155534
58207.06560  0.102  0.208 W1mW2  5  0.9641 278.981318   0.155539
58379.73258  0.427  0.150 W1mW2  5  0.9647 278.981368   0.155520
57111.95678  0.578  0.152 W1mW2 10  0.9679 278.981330   0.155537
57476.50575  0.682  0.160 W1mW2  5  0.9698 278.981381   0.155516
58738.32172 -0.151  0.239 W1mW2 10  0.9722 278.981441   0.155471
57478.93053  0.628  0.165 W1mW2  5  0.9758 278.981354   0.155530
58371.74964  0.445  0.151 W1mW2  5  0.9768 278.981439   0.155474
57111.69409  0.511  0.153 W1mW2 10  0.9819 278.981287   0.155550
58371.35706  0.668  0.157 W1mW2  5  0.9877 278.981444   0.155474
57650.23566  0.249  0.181 W1mW2  5  0.9913 278.981417   0.155499
58939.02494  0.357  0.147 W1mW2  5  0.9915 278.981297   0.155551
57842.75669  0.556  0.173 W1mW2  5  0.9966 278.981338   0.155542
58371.29161  0.628  0.152 W1mW2  5  0.9972 278.981385   0.155522
58938.17470  0.366  0.150 W1mW2  5  1.0045 278.981326   0.155549
57842.95317  0.578  0.168 W1mW2 10  1.0073 278.981318   0.155552
56749.32888  0.482  0.171 W1mW2  5  1.0083 278.981302   0.155555
59102.61580  0.056  0.183 W1mW2  5  1.0093 278.981434   0.155491
58738.25627  0.296  0.196 W1mW2  5  1.0147 278.981372   0.155534
58370.63722  0.705  0.149 W1mW2  5  1.0181 278.981351   0.155544
59102.68126  0.503  0.158 W1mW2  5  1.0318 278.981493   0.155432
58573.95837  0.382  0.152 W1mW2  5  1.0319 278.981342   0.155552
56928.98743  0.683  0.177 W1mW2 10  1.0326 278.981429   0.155504
56749.78971  0.309  0.177 W1mW2 10  1.0346 278.981298   0.155563
57111.75979  0.569  0.152 W1mW2 10  1.0359 278.981308   0.155562
58574.22005  0.394  0.149 W1mW2  5  1.0417 278.981345   0.155553
58574.67808  0.435  0.152 W1mW2  5  1.0457 278.981346   0.155554
58574.41641  0.391  0.151 W1mW2  5  1.0495 278.981328   0.155561
57650.30124  0.407  0.172 W1mW2  5  1.0591 278.981426   0.155516
58010.73269  0.415  0.146 W1mW2  5  1.0608 278.981352   0.155556
57843.01862  0.715  0.168 W1mW2  5  1.0634 278.981274   0.155574
56932.27580  0.368  0.191 W1mW2 10  1.0642 278.981414   0.155526
57650.43227  0.811  0.164 W1mW2  5  1.0661 278.981124   0.155548
57475.91591  0.419  0.177 W1mW2  5  1.0670 278.981291   0.155574
57842.82214  0.536  0.173 W1mW2 10  1.0679 278.981298   0.155573
58938.30548  0.420  0.152 W1mW2  5  1.0730 278.981328   0.155568
57111.56280  0.650  0.150 W1mW2 10  1.0741 278.981389   0.155544
58574.08927  0.387  0.151 W1mW2  5  1.0830 278.981336   0.155568
58574.80886  0.575  0.141 W1mW2  5  1.0887 278.981378   0.155554
56932.86753  0.543  0.184 W1mW2 10  1.0911 278.981421   0.155530
57111.36581  0.552  0.152 W1mW2 10  1.0913 278.981299   0.155579
58574.28550  0.337  0.149 W1mW2  5  1.0913 278.981297   0.155580
58938.04393  0.422  0.150 W1mW2  5  1.0914 278.981370   0.155558
58938.50171  0.492  0.154 W1mW2  5  1.0924 278.981332   0.155572
56932.73599  0.097  0.207 W1mW2 10  1.0933 278.981425   0.155528
58207.26196  0.363  0.185 W1mW2  5  1.0934 278.981337   0.155571
56929.57930  0.499  0.186 W1mW2 10  1.0985 278.981421   0.155533
58938.56716  0.464  0.152 W1mW2  5  1.1115 278.981350   0.155572
57479.38920  0.349  0.154 W1mW2  5  1.1151 278.981356   0.155571
58371.22616  0.823  0.136 W1mW2  5  1.1152 278.981488   0.155479
56932.60445  0.412  0.181 W1mW2 10  1.1202 278.981421   0.155540
56749.65804  0.357  0.171 W1mW2 10  1.1221 278.981355   0.155573
58207.26183  0.241  0.186 W1mW2  5  1.1247 278.981367   0.155570
56750.18471  0.480  0.166 W1mW2 10  1.1276 278.981320   0.155585
57650.69421  0.685  0.160 W1mW2  5  1.1303 278.981033   0.155507
58207.00015  0.548  0.197 W1mW2  5  1.1321 278.981459   0.155515
57650.10463  0.238  0.169 W1mW2 10  1.1379 278.981324   0.155587
58574.54718  0.369  0.148 W1mW2  5  1.1427 278.981395   0.155562
57291.25739 -0.001  0.203 W1mW2  5  1.1440 278.981476   0.155504
58011.25643  0.508  0.144 W1mW2 10  1.1450 278.981411   0.155554
57290.92936  0.543  0.182 W1mW2  5  1.1456 278.981277   0.155597
58573.82759  0.454  0.151 W1mW2 10  1.1494 278.981370   0.155576
57111.49709  0.628  0.153 W1mW2  5  1.1507 278.981388   0.155568
58573.69669  0.441  0.150 W1mW2  5  1.1631 278.981291   0.155600
57111.23452  0.554  0.153 W1mW2 10  1.1642 278.981345   0.155589
57291.12623  0.718  0.179 W1mW2 10  1.1674 278.981384   0.155575
57291.65086 -0.097  0.218 W1mW2  5  1.1674 278.981524   0.155453
58938.89416  0.492  0.153 W1mW2  5  1.1804 278.981336   0.155596
57476.37459  0.590  0.164 W1mW2  5  1.1828 278.981397   0.155574
57842.62566  0.468  0.181 W1mW2  5  1.1900 278.981244   0.155611
58010.53634  0.566  0.150 W1mW2  5  1.1943 278.981433   0.155556
57475.39154  0.293  0.150 W1mW2  0  1.2087 278.981480   0.155525
57842.88759  0.361  0.173 W1mW2  5  1.2288 278.981391   0.155591
58738.51795  0.022  0.212 W1mW2  5  1.2375 278.981326   0.155615
58938.63248  0.464  0.152 W1mW2  5  1.2476 278.981396   0.155594
56932.27567  0.903  0.172 W1mW2 10  1.2492 278.981488   0.155533
56749.19721  0.473  0.165 W1mW2 10  1.2608 278.981337   0.155619
57842.49475  0.499  0.176 W1mW2 10  1.2833 278.981349   0.155623
57650.17021  0.435  0.177 W1mW2  5  1.2882 278.981514   0.155522
56932.40721  0.234  0.212 W1mW2 10  1.2963 278.981434   0.155589
56929.44776  0.777  0.175 W1mW2 10  1.2965 278.981471   0.155564
57111.62851  0.495  0.154 W1mW2  5  1.2974 278.981310   0.155635
59102.61593  0.463  0.152 W1mW2  5  1.3084 278.981440   0.155590
58938.37093  0.737  0.130 W1mW2  5  1.3144 278.981357   0.155629
56749.92138  0.291  0.183 W1mW2 10  1.3173 278.981274   0.155645
57649.71166  0.520  0.155 W1mW2 10  1.3207 278.981178   0.155640
56750.31638  0.615  0.167 W1mW2  5  1.3261 278.981374   0.155627
57843.14953  0.584  0.172 W1mW2  5  1.3437 278.981475   0.155578
57843.21511  0.310  0.172 W1mW2  5  1.3687 278.981411   0.155624
57290.79821  0.683  0.187 W1mW2  5  1.3695 278.981405   0.155628
58371.02980  0.924  0.144 W1mW2  5  1.3823 278.981620   0.155382
58574.35095  0.236  0.141 W1mW2  5  1.3826 278.981367   0.155646
56749.85555  0.373  0.192 W1mW2  5  1.3851 278.981236   0.155665
58938.43626  0.390  0.152 W1mW2  5  1.3874 278.981321   0.155659
57291.06052  1.137  0.159 W1mW2  5  1.3903 278.981417   0.155628
58737.79836  0.021  0.193 W1mW2  5  1.4148 278.981462   0.155611
58738.91040  0.211  0.197 W1mW2  5  1.4271 278.981592   0.155480
57291.51970  0.370  0.187 W1mW2  5  1.4473 278.981480   0.155609
57476.04695  0.476  0.162 W1mW2  5  1.4573 278.981468   0.155621
57475.52269  0.471  0.166 W1mW2 10  1.4868 278.981373   0.155674
58206.60744  0.292  0.143 W1mW2 10  1.5118 278.981584   0.155025
58738.64872  0.322  0.175 W1mW2  5  1.5124 278.981372   0.155682
56929.38192  0.648  0.166 W1mW2 10  1.5231 278.981356   0.155690
59102.48503  0.177  0.154 W1mW2  5  1.6612 278.981590   0.155592
58207.45819  0.563  0.203 W1mW2  5  1.6749 278.981406   0.155718
59101.96142  0.204  0.166 W1mW2  5  1.7184 278.981477   0.155700
57475.85034  0.431  0.160 W1mW2  5  1.8074 278.981417   0.155753
58206.73834  0.256  0.202 W1mW2  5  0.7602 278.981363   0.155458
58207.00015  0.548  0.197 W1mW2  5  1.1321 278.981459   0.155515
57478.99598  0.490  0.183 W1mW2  5  0.8055 278.981260   0.155503
