# MJD mag magerr filter distance ra dec
55265.71837 14.262  0.103 W1  0.2760  86.041984  -8.930344
55265.71837 12.724  0.089 W2  0.2760  86.041984  -8.930344
55265.71837  1.537  0.136 W1mW2  0.2760  86.041984  -8.930344
55266.25714 14.255  0.117 W1  0.2127  86.041965  -8.930334
55266.25714 12.739  0.082 W2  0.2127  86.041965  -8.930334
55266.25714  1.517  0.143 W1mW2  0.2127  86.041965  -8.930334
56724.80075 14.147  0.076 W1  0.1704  86.041958  -8.930322
56724.80075 12.697  0.114 W2  0.1704  86.041958  -8.930322
56724.80075  1.449  0.137 W1mW2  0.1704  86.041958  -8.930322
56730.65034 14.160  0.099 W1  0.3244  86.041987  -8.930346
56730.65034 12.687  0.083 W2  0.3244  86.041987  -8.930346
56730.65034  1.473  0.129 W1mW2  0.3244  86.041987  -8.930346
56731.25391 14.113  0.055 W1  0.0501  86.041946  -8.930280
56731.25391 12.674  0.057 W2  0.0501  86.041946  -8.930280
56731.25391  1.439  0.079 W1mW2  0.0501  86.041946  -8.930280
56921.78730 14.078  0.069 W1  0.2782  86.042020  -8.930322
56921.78730 12.724  0.065 W2  0.2782  86.042020  -8.930322
56921.78730  1.354  0.095 W1mW2  0.2782  86.042020  -8.930322
56922.34640 14.132  0.102 W1  0.2738  86.041998  -8.930331
56922.34640 12.685  0.080 W2  0.2738  86.041998  -8.930331
56922.34640  1.446  0.129 W1mW2  0.2738  86.041998  -8.930331
57089.66204 14.165  0.089 W1  0.3065  86.042003  -8.930335
57089.66204 12.672  0.080 W2  0.3065  86.042003  -8.930335
57089.66204  1.493  0.119 W1mW2  0.3065  86.042003  -8.930335
57090.18739 14.084  0.060 W1  0.3345  86.041977  -8.930350
57090.18739 12.666  0.075 W2  0.3345  86.041977  -8.930350
57090.18739  1.418  0.097 W1mW2  0.3345  86.041977  -8.930350
57283.77479 14.117  0.085 W1  0.2611  86.042017  -8.930311
57283.77479 12.708  0.119 W2  0.2611  86.042017  -8.930311
57283.77479  1.409  0.146 W1mW2  0.2611  86.042017  -8.930311
57284.33070 14.149  0.130 W1  0.2425  86.042008  -8.930305
57284.33070 12.657  0.068 W2  0.2425  86.042008  -8.930305
57284.33070  1.492  0.147 W1mW2  0.2425  86.042008  -8.930305
57448.66596 14.117  0.110 W1  0.1623  86.041959  -8.930309
57448.66596 12.692  0.111 W2  0.1623  86.041959  -8.930309
57448.66596  1.425  0.156 W1mW2  0.1623  86.041959  -8.930309
57449.18049 14.164  0.127 W1  0.3133  86.041987  -8.930347
57449.18049 12.652  0.063 W2  0.3133  86.041987  -8.930347
57449.18049  1.512  0.142 W1mW2  0.3133  86.041987  -8.930347
57647.84622 14.171  0.151 W1  0.3107  86.041985  -8.930302
57647.84622 12.751  0.103 W2  0.3107  86.041985  -8.930302
57647.84622  1.420  0.183 W1mW2  0.3107  86.041985  -8.930302
57648.39412 14.140  0.099 W1  0.1826  86.041994  -8.930296
57648.39412 12.658  0.085 W2  0.1826  86.041994  -8.930296
57648.39412  1.482  0.130 W1mW2  0.1826  86.041994  -8.930296
57654.46266 14.141  0.067 W1  0.3822  86.042053  -8.930227
57654.46266 12.638  0.055 W2  0.3822  86.042053  -8.930227
57654.46266  1.503  0.087 W1mW2  0.3822  86.042053  -8.930227
57812.78265 14.163  0.106 W1  0.2264  86.041964  -8.930311
57812.78265 12.682  0.083 W2  0.2264  86.041964  -8.930311
57812.78265  1.481  0.135 W1mW2  0.2264  86.041964  -8.930311
57813.30511 14.082  0.083 W1  0.3269  86.041975  -8.930365
57813.30511 12.666  0.061 W2  0.3269  86.041975  -8.930365
57813.30511  1.417  0.103 W1mW2  0.3269  86.041975  -8.930365
57818.55867 14.197  0.064 W1  0.3676  86.041941  -8.930380
57818.55867 12.639  0.083 W2  0.3676  86.041941  -8.930380
57818.55867  1.558  0.105 W1mW2  0.3676  86.041941  -8.930380
58014.82606 14.094  0.113 W1  0.2292  86.041979  -8.930333
58014.82606 12.620  0.085 W2  0.2292  86.041979  -8.930333
58014.82606  1.474  0.141 W1mW2  0.2292  86.041979  -8.930333
58015.38252 14.139  0.098 W1  0.2056  86.041999  -8.930287
58015.38252 12.697  0.083 W2  0.2056  86.041999  -8.930287
58015.38252  1.443  0.128 W1mW2  0.2056  86.041999  -8.930287
58169.79170 14.216  0.321 W1  0.2699  86.042017  -8.930319
58169.79170 12.671  0.098 W2  0.2699  86.042017  -8.930319
58169.79170  1.546  0.336 W1mW2  0.2699  86.042017  -8.930319
58170.37134 14.175  0.154 W1  0.2956  86.041949  -8.930331
58170.37134 12.686  0.089 W2  0.2956  86.041949  -8.930331
58170.37134  1.489  0.178 W1mW2  0.2956  86.041949  -8.930331
58174.17635 14.147  0.064 W1  0.2242  86.041928  -8.930334
58174.17635 12.520  0.066 W2  0.2242  86.041928  -8.930334
58174.17635  1.627  0.092 W1mW2  0.2242  86.041928  -8.930334
58378.91673 14.136  0.097 W1  0.2478  86.042023  -8.930304
58378.91673 12.648  0.078 W2  0.2478  86.042023  -8.930304
58378.91673  1.489  0.125 W1mW2  0.2478  86.042023  -8.930304
58379.51738 14.156  0.091 W1  0.3269  86.042020  -8.930310
58379.51738 12.691  0.086 W2  0.3269  86.042020  -8.930310
58379.51738  1.466  0.125 W1mW2  0.3269  86.042020  -8.930310
58536.76310 14.123  0.128 W1  0.2985  86.042001  -8.930281
58536.76310 12.683  0.114 W2  0.2985  86.042001  -8.930281
58536.76310  1.440  0.171 W1mW2  0.2985  86.042001  -8.930281
58537.28654 14.095  0.104 W1  0.2715  86.041974  -8.930346
58537.28654 12.671  0.096 W2  0.2715  86.041974  -8.930346
58537.28654  1.424  0.141 W1mW2  0.2715  86.041974  -8.930346
58743.57840 14.126  0.081 W1  0.2582  86.041997  -8.930319
58743.57840 12.701  0.089 W2  0.2582  86.041997  -8.930319
58743.57840  1.426  0.121 W1mW2  0.2582  86.041997  -8.930319
58744.17805 14.248  0.125 W1  0.3428  86.042042  -8.930307
58744.17805 12.741  0.080 W2  0.3428  86.042042  -8.930307
58744.17805  1.508  0.148 W1mW2  0.3428  86.042042  -8.930307
58748.29977 14.134  0.056 W1  0.1435  86.041989  -8.930308
58748.29977 12.689  0.077 W2  0.1435  86.041989  -8.930308
58748.29977  1.445  0.095 W1mW2  0.1435  86.041989  -8.930308
58900.88313 14.217  0.088 W1  0.2099  86.041994  -8.930319
58900.88313 12.706  0.070 W2  0.2099  86.041994  -8.930319
58900.88313  1.511  0.112 W1mW2  0.2099  86.041994  -8.930319
58901.46779 14.136  0.072 W1  0.2412  86.041942  -8.930331
58901.46779 12.629  0.089 W2  0.2412  86.041942  -8.930331
58901.46779  1.507  0.114 W1mW2  0.2412  86.041942  -8.930331
59110.62091 14.150  0.138 W1  0.2227  86.041952  -8.930321
59110.62091 12.682  0.074 W2  0.2227  86.041952  -8.930321
59110.62091  1.468  0.156 W1mW2  0.2227  86.041952  -8.930321
59111.15121 14.224  0.085 W1  0.1825  86.041988  -8.930261
59111.15121 12.674  0.069 W2  0.1825  86.041988  -8.930261
59111.15121  1.550  0.110 W1mW2  0.1825  86.041988  -8.930261
