# MJD mag magerr filter flag distance ra dec
55266.10715  8.946  0.048 W1 10  2.5161  85.396014  -1.925697
55265.11468  9.091  0.041 W1 10  2.8317  85.396488  -1.925583
55265.37942  8.981  0.036 W1 10  2.8460  85.395930  -1.925790
55266.10715  7.722  0.055 W2 10  2.5161  85.396014  -1.925697
55265.11468  7.081  0.051 W2 10  2.8317  85.396488  -1.925583
55265.37942  8.689  0.215 W2 10  2.8460  85.395930  -1.925790
55266.10715  1.223  0.073 W1mW2 10  2.5161  85.396014  -1.925697
55265.11468  2.010  0.065 W1mW2 10  2.8317  85.396488  -1.925583
55265.37942  0.292  0.218 W1mW2 10  2.8460  85.395930  -1.925790
